1778716571.354358512,14
1778716571.477007602,28
1778716571.586038329,42
1778716571.694923566,56
1778716571.804356277,68
1778716571.918527144,82
1778716572.029463637,96
1778716572.141453397,110
1778716572.250328915,124
1778716572.359844909,137
1778716572.468939031,151
1778716572.577499749,163
1778716572.687958904,177
1778716572.796908504,190
1778716572.905304818,204
1778716573.013745122,218
1778716573.122188930,231
1778716573.230676129,245
1778716573.340240187,257
1778716573.448936620,272
1778716573.557544606,284
1778716573.666456814,298
1778716573.774757497,312
1778716573.883001015,325
1778716574.006737071,339
1778716574.124367494,353
1778716574.233047950,368
1778716574.353962296,351
1778716574.463054798,332
1778716574.572312966,311
1778716574.683675368,283
1778716574.791822144,263
1778716574.900773020,243
1778716575.009856856,221
1778716575.117973622,201
1778716575.226206810,182
1778716575.334204457,171
1778716575.442630858,155
1778716575.551743166,140
1778716575.660024150,125
1778716575.768398865,181
1778716575.877386771,180
1778716575.986051285,180
1778716576.094783825,180
1778716576.203359107,177
1778716576.324284207,177
1778716576.433539477,169
1778716576.541818943,164
1778716576.649850972,107
1778716576.758345315,107
1778716576.866994744,107
1778716576.975450249,107
1778716577.083926517,107
1778716577.192823707,107
1778716577.301454967,107
1778716577.410103532,107
1778716577.518074529,105
1778716577.626128667,105
1778716577.736428569,105
1778716577.844767990,105
1778716577.961611144,105
1778716578.072759209,105
1778716578.181189338,105
1778716578.289670316,105
1778716578.402348943,184
1778716578.511754029,184
1778716578.619671013,184
1778716578.727840449,184
1778716578.841813814,184
1778716578.950031425,184
1778716579.058415738,184
1778716579.166583662,184
1778716579.274656993,108
1778716579.382483205,101
1778716579.490598181,95
1778716579.598525023,92
1778716579.706847492,92
1778716579.818942397,92
1778716579.929083448,92
1778716580.039958384,92
1778716580.148932117,92
1778716580.259925816,92
1778716580.369114172,92
1778716580.478286343,92
1778716580.586944344,92
1778716580.695179318,92
1778716580.809437658,92
1778716580.917894934,92
1778716581.027020449,92
1778716581.135625563,92
1778716581.244661647,92
1778716581.353217691,92
1778716581.461967483,92
1778716581.570207544,92
1778716581.678154691,93
1778716581.785986672,93
1778716581.894313166,93
1778716582.002642521,93
1778716582.111537873,93
1778716582.220415122,93
1778716582.328973458,93
1778716582.438168066,93
1778716582.546621846,94
1778716582.654744862,94
1778716582.763253604,94
1778716582.872021569,94
1778716582.980047873,94
1778716583.088379120,94
1778716583.196752220,94
1778716583.308534380,95
1778716583.422800327,95
1778716583.531402378,95
1778716583.640147473,95
1778716583.748332657,95
1778716583.858532091,95
1778716583.966709643,95
1778716584.075497089,95
1778716584.183843547,96
1778716584.294288443,96
1778716584.402395946,96
1778716584.511357054,96
1778716584.619565233,96
1778716584.728186528,96
1778716584.841738582,96
1778716584.950855848,96
1778716585.063706660,97
1778716585.175310046,97
1778716585.289625322,97
1778716585.404309493,97
1778716585.513447582,97
1778716585.626515070,97
1778716585.737398543,97
1778716585.845628109,97
1778716585.954586788,98
1778716586.062753919,98
1778716586.170866763,98
1778716586.278955807,98
1778716586.389379464,98
1778716586.497198390,98
1778716586.607511822,98
1778716586.715416392,98
1778716586.823569114,99
1778716586.931795882,99
1778716587.041590627,99
1778716587.151194344,99
1778716587.259655385,99
1778716587.376667293,99
1778716587.485144370,99
1778716587.594940818,99
1778716587.708839742,100
1778716587.822099931,100
1778716587.930340533,100
1778716588.038947606,100
1778716588.147335639,100
1778716588.255724579,100
1778716588.363842113,100
1778716588.472254270,100
1778716588.594072934,100
1778716588.703434339,101
1778716588.811579179,101
1778716588.919275934,101
1778716589.027076442,101
1778716589.135238694,101
1778716589.243299263,101
1778716589.354534090,101
1778716589.462629016,101
1778716589.570730863,102
1778716589.679359223,102
1778716589.790521933,102
1778716589.902160588,102
1778716590.010216444,102
1778716590.118442301,102
1778716590.226554047,102
1778716590.341634413,102
1778716590.451643495,103
1778716590.559893096,103
1778716590.668182804,103
1778716590.776659147,103
1778716590.885462190,103
1778716590.993649178,103
1778716591.102192233,103
1778716591.210420411,103
1778716591.318805776,104
1778716591.426729077,104
1778716591.535010129,104
1778716591.642925664,104
1778716591.751119301,104
1778716591.860120601,104
1778716591.969190512,104
1778716592.077750646,104
1778716592.186434258,105
1778716592.294655370,105
1778716592.404200702,105
1778716592.512514328,105
1778716592.620469308,105
1778716592.728283438,105
1778716592.839206833,105
1778716592.953075995,105
1778716593.061594201,105
1778716593.169573259,106
1778716593.277621330,106
1778716593.386005122,106
1778716593.493752910,106
1778716593.601516278,106
1778716593.709475086,106
1778716593.817091924,106
1778716593.927931449,106
1778716594.036241670,106
1778716594.148646056,107
1778716594.256833039,107
1778716594.365067113,107
1778716594.473080089,107
1778716594.581083863,107
1778716594.688996641,107
1778716594.796657016,107
1778716594.904340689,107
1778716595.012033628,107
1778716595.120021562,108
1778716595.228142879,108
1778716595.342265797,108
1778716595.454055122,108
1778716595.573620908,108
1778716595.682441516,108
1778716595.790946677,108
1778716595.899589388,108
1778716596.007816749,108
1778716596.117183228,109
1778716596.225382938,109
1778716596.335806314,109
1778716596.444311389,109
1778716596.553658285,109
1778716596.662131619,109
1778716596.770870764,109
1778716596.879848026,109
1778716596.988690360,109
1778716597.097500398,110
1778716597.207908812,110
1778716597.349328395,110
1778716597.468726865,110
1778716597.588660380,110
1778716597.699242945,110
1778716597.819727736,110
1778716597.950745606,110
1778716598.061120744,110
1778716598.172573874,111
1778716598.282238918,111
1778716598.390978823,111
1778716598.501120710,111
1778716598.610087784,111
1778716598.718966411,111
1778716598.833175938,111
1778716598.941401987,111
1778716599.050597078,111
1778716599.158578249,111
1778716599.267023861,112
1778716599.374797624,112
1778716599.483363532,112
1778716599.593142933,112
1778716599.701556778,112
1778716599.809839275,112
1778716599.918292572,112
1778716600.026458167,112
1778716600.134640345,112
1778716600.242583860,113
1778716600.351082729,113
1778716600.458980134,113
1778716600.569683549,113
1778716600.678182322,113
1778716600.786822666,113
1778716600.895473453,113
1778716601.004699942,113
1778716601.113772467,113
1778716601.222255192,114
1778716601.330907923,114
1778716601.440263070,114
1778716601.551497975,114
1778716601.666802192,114
1778716601.777557615,114
1778716601.888944087,114
1778716601.997621557,114
1778716602.106184990,114
1778716602.215481765,115
1778716602.323690615,115
1778716602.432857057,115
1778716602.541222782,115
1778716602.649838565,115
1778716602.758449195,115
1778716602.870578886,115
1778716602.980129995,115
1778716603.088746982,115
1778716603.197175664,116
1778716603.306984249,116
1778716603.415780937,116
1778716603.523708794,116
1778716603.632192808,116
1778716603.739955040,116
1778716603.849398453,116
1778716603.962204591,116
1778716604.075928136,116
1778716604.184352268,116
1778716604.292360717,117
1778716604.400599607,117
1778716604.508557914,117
1778716604.617049909,117
1778716604.724762430,117
1778716604.832693396,117
1778716604.940402784,117
1778716605.081321875,117
1778716605.192819801,117
1778716605.301707091,118
1778716605.409847493,118
1778716605.522231501,118
1778716605.630953062,118
1778716605.738890548,118
1778716605.847392849,118
1778716605.955724642,118
1778716606.064264543,118
1778716606.172942047,118
1778716606.281444904,118
1778716606.389485516,119
1778716606.498126414,119
1778716606.606129455,119
1778716606.714389561,119
1778716606.822281188,119
1778716606.931040149,119
1778716607.039153063,119
1778716607.200748725,119
1778716607.316131108,119
1778716607.426893147,119
1778716607.538559131,120
1778716607.647486714,120
1778716607.755692397,120
1778716607.865211079,120
1778716607.973214988,120
1778716608.082332997,120
1778716608.190492781,120
1778716608.300790226,120
1778716608.411693535,120
1778716608.519697614,120
1778716608.628268597,121
1778716608.739193722,121
1778716608.851532122,121
1778716608.960677864,121
1778716609.072351560,121
1778716609.199186684,121
1778716609.313463054,121
1778716609.423814566,121
1778716609.540534797,121
1778716609.652792095,121
1778716609.762696897,122
1778716609.876146700,122
1778716609.986657798,122
1778716610.097152053,122
1778716610.206501836,122
1778716610.316457201,122
1778716610.425990591,122
1778716610.539150704,122
1778716610.649030889,122
1778716610.757743681,122
1778716610.869568564,123
1778716610.977912026,123
1778716611.086114172,123
1778716611.198276297,123
1778716611.309698865,123
1778716611.417884839,123
1778716611.525885102,123
1778716611.634294870,123
1778716611.742672510,123
1778716611.852933217,124
1778716611.961713862,124
1778716612.072217178,124
1778716612.180828887,124
1778716612.288893089,124
1778716612.397496888,124
1778716612.505593772,124
1778716612.614068690,124
1778716612.722208697,124
1778716612.830142625,124
1778716612.937935582,125
1778716613.046365019,125
1778716613.154331284,125
1778716613.262823831,125
1778716613.372809132,125
1778716613.481003139,125
1778716613.588793456,125
1778716613.696670222,125
1778716613.810177001,125
1778716613.919067496,126
1778716614.028047138,126
1778716614.139160534,126
1778716614.248124443,126
1778716614.356031936,126
1778716614.464697179,126
1778716614.572962947,126
1778716614.681480453,126
1778716614.789221071,126
1778716614.897586204,127
1778716615.006254962,127
1778716615.115121886,127
1778716615.223321284,127
1778716615.332356064,127
1778716615.440404303,127
1778716615.548663164,127
1778716615.656701408,127
1778716615.768348205,127
1778716615.876738956,127
1778716615.985043854,128
1778716616.093292930,128
1778716616.201281312,128
1778716616.317850705,128
1778716616.426138887,128
1778716616.536352188,128
1778716616.644980154,128
1778716616.752736577,128
1778716616.862006698,128
1778716616.969743573,129
1778716617.078702660,129
1778716617.187194275,129
1778716617.295833023,129
1778716617.403945156,129
1778716617.513917095,129
1778716617.622045765,129
1778716617.746372286,129
1778716617.854198470,129
1778716617.963340870,129
1778716618.071256873,129
1778716618.190012418,130
1778716618.301020661,130
1778716618.409812076,130
1778716618.519813327,130
1778716618.628137231,130
1778716618.736591117,130
1778716618.846055897,130
1778716618.954287820,130
1778716619.062931133,130
1778716619.171009430,130
1778716619.279794742,131
1778716619.388112230,131
1778716619.496351410,131
1778716619.604300287,131
1778716619.712733635,131
1778716619.820735770,131
1778716619.928656828,131
1778716620.038358847,131
1778716620.146650925,131
1778716620.254416591,131
1778716620.362941410,131
1778716620.470847662,132
1778716620.579083468,132
1778716620.687369280,132
1778716620.795960239,132
1778716620.904137499,132
1778716621.016765036,132
1778716621.125358161,132
1778716621.233096843,132
1778716621.341980253,132
1778716621.450237102,132
1778716621.559107783,132
1778716621.667217321,133
1778716621.775676440,133
1778716621.883723613,133
1778716621.992058721,133
1778716622.100293421,133
1778716622.208501629,133
1778716622.316686139,133
1778716622.428905718,133
1778716622.538516268,133
1778716622.650006163,133
1778716622.759519050,133
1778716622.868305036,134
1778716622.977467826,134
1778716623.086509899,134
1778716623.195294075,134
1778716623.303658454,134
1778716623.412388857,134
1778716623.520380681,134
1778716623.628797726,134
1778716623.739555276,134
1778716623.851297648,134
1778716623.959969832,134
1778716624.067937997,135
1778716624.181968882,135
1778716624.290077435,135
1778716624.398290273,135
1778716624.506173141,135
1778716624.613981533,135
1778716624.722483732,135
1778716624.831370741,135
1778716624.939966323,135
1778716625.048235618,135
1778716625.156595245,135
1778716625.264617527,135
1778716625.375021595,136
1778716625.482908446,136
1778716625.591011284,136
1778716625.698800395,136
1778716625.806691116,136
1778716625.915734209,136
1778716626.025053290,136
1778716626.133760157,136
1778716626.242990506,136
1778716626.351264624,136
1778716626.460142150,136
1778716626.568201394,137
1778716626.677494647,137
1778716626.788657874,137
1778716626.900009152,137
1778716627.008848763,137
1778716627.119913416,137
1778716627.234234798,137
1778716627.343546396,137
1778716627.451407885,137
1778716627.560641434,137
1778716627.668635584,137
1778716627.777048519,138
1778716627.885173180,138
1778716627.993716533,138
1778716628.102264095,138
1778716628.210913307,138
1778716628.319157430,138
1778716628.427479183,138
1778716628.535486687,138
1778716628.646665940,138
1778716628.754951423,138
1778716628.862995847,138
1778716628.970890352,139
1778716629.079059038,139
1778716629.187313349,139
1778716629.295621865,139
1778716629.404739049,139
1778716629.513691122,139
1778716629.621643305,139
1778716629.734385447,139
1778716629.843768581,139
1778716629.951451902,139
1778716630.059505485,139
1778716630.167201681,140
1778716630.275489784,140
1778716630.383907142,140
1778716630.494190872,140
1778716630.602071732,140
1778716630.712308096,140
1778716630.820983761,140
1778716630.929212343,140
1778716631.037172178,140
1778716631.145281973,140
1778716631.253230019,140
1778716631.363915600,141
1778716631.472249975,141
1778716631.580306614,141
1778716631.690011438,141
1778716631.798500196,141
1778716631.907814803,141
1778716632.015967915,141
1778716632.132327330,141
1778716632.243418411,141
1778716632.351402075,141
1778716632.459746058,141
1778716632.572717027,141
1778716632.681030140,142
1778716632.789614870,142
1778716632.899484526,142
1778716633.019576326,142
1778716633.135828486,142
1778716633.248668773,142
1778716633.358337769,142
1778716633.467378187,142
1778716633.577559138,142
1778716633.686474331,142
1778716633.795258085,142
1778716633.903606592,143
1778716634.011862238,143
1778716634.120682232,143
1778716634.228585165,143
1778716634.336684775,143
1778716634.444502960,143
1778716634.552143874,143
1778716634.660410808,143
1778716634.774443921,143
1778716634.882989914,143
1778716634.991513299,143
1778716635.099447986,143
1778716635.207628196,144
1778716635.315516016,144
1778716635.424061839,144
1778716635.542937841,144
1778716635.655290875,144
1778716635.765238558,144
1778716635.874346329,144
1778716635.983379257,144
1778716636.092584911,144
1778716636.201163608,144
1778716636.312129341,144
1778716636.420832244,144
1778716636.528895883,145
1778716636.636996498,145
1778716636.745603119,145
1778716636.858061319,145
1778716636.966168284,145
1778716637.074563020,145
1778716637.182644781,145
1778716637.291082210,145
1778716637.399106786,145
1778716637.507929828,145
1778716637.615836924,145
1778716637.729274180,145
1778716637.837941600,146
1778716637.954823751,146
1778716638.066617009,146
1778716638.175210676,146
1778716638.283556932,146
1778716638.391938485,146
1778716638.499902400,146
1778716638.608029185,146
1778716638.715946130,146
1778716638.823798659,146
1778716638.931544383,146
1778716639.041674866,146
1778716639.149812122,146
1778716639.257872102,147
1778716639.365773464,147
1778716639.473892249,147
1778716639.581862260,147
1778716639.690259628,147
1778716639.798175184,147
1778716639.906488359,147
1778716640.014202370,147
1778716640.122819029,147
1778716640.234571762,147
1778716640.345350989,147
1778716640.453923002,148
1778716640.563795922,148
1778716640.675346483,148
1778716640.783575226,148
1778716640.895549657,148
1778716641.004626412,148
1778716641.124799333,148
1778716641.233710099,148
1778716641.343056070,148
1778716641.451592349,148
1778716641.559846563,148
1778716641.668293766,148
1778716641.776840169,149
1778716641.885216844,149
1778716641.993944982,149
1778716642.102914622,149
1778716642.216648535,149
1778716642.327741207,149
1778716642.436919094,149
1778716642.545036163,149
1778716642.653680447,149
1778716642.761806929,149
1778716642.870394015,149
1778716642.978569344,149
1778716643.088290397,150
1778716643.196399884,150
1778716643.304819210,150
1778716643.412928944,150
1778716643.522610367,150
1778716643.630744691,150
1778716643.738624934,150
1778716643.846544759,150
1778716643.954682233,150
1778716644.062398497,150
1778716644.170600621,150
1778716644.278730597,150
1778716644.388715458,151
1778716644.496693733,151
1778716644.606029632,151
1778716644.714097403,151
1778716644.823003357,151
1778716644.931823936,151
1778716645.043675488,151
1778716645.159525877,151
1778716645.270743492,151
1778716645.380141791,151
1778716645.490257400,151
1778716645.601386913,151
1778716645.710254377,152
1778716645.819483350,152
1778716645.928095675,152
1778716646.037195664,152
1778716646.145390347,152
1778716646.254099970,152
1778716646.362368392,152
1778716646.470689920,152
1778716646.578586522,152
1778716646.687140609,152
1778716646.796391166,152
1778716646.905122227,152
1778716647.013254536,152
1778716647.123819817,153
1778716647.232140028,153
1778716647.340415200,153
1778716647.448342727,153
1778716647.557219859,153
1778716647.665436232,153
1778716647.776709424,153
1778716647.896155101,153
1778716648.009163469,153
1778716648.124098758,153
1778716648.233013296,153
1778716648.341427031,153
1778716648.450138445,154
1778716648.558232700,154
1778716648.666335716,154
1778716648.774306478,154
1778716648.882498027,154
1778716648.990422755,154
1778716649.098877947,154
1778716649.207277171,154
1778716649.315830216,154
1778716649.425826500,154
1778716649.535462899,154
1778716649.643432264,154
1778716649.752346499,154
1778716649.860789716,148
1778716649.969743199,142
1778716650.078874555,135
1778716650.187374665,129
1778716650.295540080,122
1778716650.403783712,116
1778716650.515268175,108
1778716650.626543947,101
1778716650.734575811,95
1778716650.842077453,89
1778716650.951122455,83
1778716651.059614244,82
1778716651.167681273,77
1778716651.275697351,77
1778716651.385052277,77
1778716651.492896665,77
1778716651.601360862,77
1778716651.709175207,77
1778716651.817134045,77
1778716651.927378760,78
1778716652.036534927,78
1778716652.144791903,78
1778716652.253580648,78
1778716652.361819928,78
1778716652.470750073,78
1778716652.578811051,79
1778716652.687083220,79
1778716652.795355586,79
1778716652.905021617,79
1778716653.018411274,79
1778716653.127137563,79
1778716653.240720735,80
1778716653.349268296,80
1778716653.457313960,80
1778716653.566373735,80
1778716653.674470703,80
1778716653.782777320,80
1778716653.894107355,81
1778716654.002186447,81
1778716654.110326542,81
1778716654.220436715,81
1778716654.328631410,81
1778716654.438818997,81
1778716654.547148501,82
1778716654.655307809,82
1778716654.763163592,82
1778716654.871222711,82
1778716654.979038061,82
1778716655.089145635,82
1778716655.197253637,83
1778716655.313002844,83
1778716655.435999003,83
1778716655.544559076,83
1778716655.654840829,83
1778716655.763700842,83
1778716655.872065622,83
1778716655.980090043,84
1778716656.088149546,84
1778716656.196306668,84
1778716656.304390881,84
1778716656.413392636,84
1778716656.522362028,84
1778716656.630397274,85
1778716656.739119417,85
1778716656.848190793,85
1778716656.956239596,85
1778716657.064670007,85
1778716657.172975830,85
1778716657.282354712,86
1778716657.390317035,86
1778716657.505312385,86
1778716657.613241635,86
1778716657.721925359,86
1778716657.836989190,86
1778716657.947512823,87
1778716658.055985387,87
1778716658.164898579,87
1778716658.274272992,87
1778716658.382832424,87
1778716658.490675482,87
1778716658.599156688,87
1778716658.708210572,88
1778716658.816374768,88
1778716658.924439451,88
1778716659.037170167,88
1778716659.145314304,88
1778716659.258436927,88
1778716659.366587001,89
1778716659.474483010,89
1778716659.584928227,89
1778716659.708413209,89
1778716659.828010851,89
1778716659.940236265,89
1778716660.050365814,89
1778716660.159869183,90
1778716660.271402329,90
1778716660.381013533,90
1778716660.503427873,90
1778716660.620356756,90
1778716660.731738912,90
1778716660.840482193,90
1778716660.949703436,90
1778716661.058312911,91
1778716661.167180838,91
1778716661.276144067,91
1778716661.387030387,91
1778716661.496300016,91
1778716661.604709787,91
1778716661.726707264,91
1778716661.840151904,92
1778716661.957806723,92
1778716662.073547338,92
1778716662.187524323,92
1778716662.300812291,92
1778716662.416756305,92
1778716662.527872550,92
1778716662.639382095,92
1778716662.751649834,93
1778716662.863289685,93
1778716662.976619015,93
1778716663.094345842,93
1778716663.211836101,93
1778716663.327465809,93
1778716663.439284765,93
1778716663.550081524,94
1778716663.660241528,94
1778716663.770050726,94
1778716663.880165060,94
1778716663.989901747,94
1778716664.140710334,94
1778716664.256568125,94
1778716664.395519102,94
1778716664.512780775,95
1778716664.622807072,95
1778716664.733156446,95
1778716664.844218679,95
1778716664.954480425,95
1778716665.065098721,95
1778716665.174705236,95
1778716665.284113205,95
1778716665.394498535,96
1778716665.505153515,96
1778716665.616180150,96
1778716665.725501930,96
1778716665.836714787,96
1778716665.946414596,96
1778716666.057273956,96
1778716666.166152973,96
1778716666.274727076,96
1778716666.389176119,97
1778716666.498933648,97
1778716666.606943020,97
1778716666.716444557,97
1778716666.824901648,97
1778716666.933734494,97
1778716667.041928643,97
1778716667.151074633,97
1778716667.259840514,98
1778716667.368969489,98
1778716667.477612595,98
1778716667.587807582,98
1778716667.697685512,98
1778716667.806148123,98
1778716667.914876550,98
1778716668.023455178,99
1778716668.132468644,99
1778716668.240613269,99
1778716668.350645580,99
1778716668.458905731,99
1778716668.568045325,99
1778716668.676800065,99
1778716668.789103503,99
1778716668.901193656,100
1778716669.009461363,100
1778716669.117709636,100
1778716669.226239801,100
1778716669.334519575,100
1778716669.442651403,100
1778716669.550850138,100
1778716669.658777923,100
1778716669.766974274,101
1778716669.874958791,101
1778716669.983277208,101
1778716670.091484143,101
1778716670.200113741,101
1778716670.311661815,101
1778716670.419809869,101
1778716670.528755502,101
1778716670.636968232,101
1778716670.749119057,102
1778716670.859467224,102
1778716670.968046737,102
1778716671.077043689,102
1778716671.188699817,102
1778716671.300653764,102
1778716671.409776865,102
1778716671.519696310,102
1778716671.628834226,103
1778716671.737782927,103
1778716671.846067621,103
1778716671.954335034,103
1778716672.063337464,103
1778716672.173103552,103
1778716672.282213988,103
1778716672.390646256,103
1778716672.500128188,103
1778716672.608775852,104
1778716672.717321106,104
1778716672.826739031,104
1778716672.935446799,104
1778716673.046900770,104
1778716673.155759451,104
1778716673.264974863,104
1778716673.373592447,104
1778716673.482439901,104
1778716673.595240570,105
1778716673.703694034,105
1778716673.811745220,105
1778716673.919598604,105
1778716674.028685101,105
1778716674.138492411,105
1778716674.247285206,105
1778716674.356264505,105
1778716674.464924741,105
1778716674.573516415,106
1778716674.681937453,106
1778716674.791006913,106
1778716674.899707947,106
1778716675.009089200,106
1778716675.117580370,106
1778716675.227030393,106
1778716675.337552120,106
1778716675.446471169,106
1778716675.554590567,107
1778716675.663103378,107
1778716675.771365513,107
1778716675.879838606,107
1778716675.988237851,107
1778716676.096705514,107
1778716676.210482458,107
1778716676.319528734,107
1778716676.428358939,107
1778716676.536683722,108
1778716676.645627367,108
1778716676.753840207,108
1778716676.863218701,108
1778716676.971664470,108
1778716677.081034307,108
1778716677.189876011,108
1778716677.304735090,108
1778716677.415417977,109
1778716677.523874985,109
1778716677.632166503,109
1778716677.750047357,109
1778716677.859092851,109
1778716677.967316200,109
1778716678.077279921,109
1778716678.190822183,109
1778716678.300874459,109
1778716678.421107201,110
1778716678.529868851,110
1778716678.638222311,110
1778716678.746648594,110
1778716678.854925823,110
1778716678.964174012,110
1778716679.074469929,110
1778716679.182779167,110
1778716679.291450772,110
1778716679.399533632,111
1778716679.507725644,111
1778716679.616034789,111
1778716679.725057663,111
1778716679.836870530,111
1778716679.945980718,111
1778716680.054749858,111
1778716680.163907241,111
1778716680.272226756,111
1778716680.383871008,112
1778716680.496377922,112
1778716680.604471481,112
1778716680.713064354,112
1778716680.821269986,112
1778716680.929546932,112
1778716681.037380982,112
1778716681.145671091,112
1778716681.253800555,112
1778716681.361949291,113
1778716681.471599027,113
1778716681.582019710,113
1778716681.692804002,113
1778716681.803144789,113
1778716681.914207313,113
1778716682.023168019,113
1778716682.131684823,113
1778716682.240098884,113
1778716682.348264933,113
1778716682.456739961,114
1778716682.564665871,114
1778716682.672906372,114
1778716682.789067884,114
1778716682.897740395,114
1778716683.006012374,114
1778716683.114277152,114
1778716683.222439914,114
1778716683.330536108,114
1778716683.438508821,114
1778716683.546613650,115
1778716683.654667602,115
1778716683.762539827,115
1778716683.870608753,115
1778716683.994915871,115
1778716684.106004729,115
1778716684.214795258,115
1778716684.323626202,115
1778716684.434505451,115
1778716684.542900213,115
1778716684.650944867,116
1778716684.759234465,116
1778716684.867310239,116
1778716684.975730525,116
1778716685.084025532,116
1778716685.194845801,116
1778716685.303512822,116
1778716685.413061010,116
1778716685.521491469,116
1778716685.629912174,116
1778716685.738079064,117
1778716685.846296872,117
1778716685.954424063,117
1778716686.062546882,117
1778716686.170760699,117
1778716686.279469793,117
1778716686.388049286,117
1778716686.499995427,117
1778716686.608640561,117
1778716686.716403076,117
1778716686.826060094,118
1778716686.935770677,118
1778716687.045442815,118
1778716687.153904397,118
1778716687.262447465,118
1778716687.371520399,118
1778716687.479799064,118
1778716687.588575107,118
1778716687.696693384,119
1778716687.808177582,119
1778716687.916485397,119
1778716688.025233119,119
1778716688.133424507,119
1778716688.242969791,119
1778716688.354883058,119
1778716688.463213951,119
1778716688.592066665,119
1778716688.725266681,120
1778716688.833887574,120
1778716688.942656595,120
1778716689.050875973,120
1778716689.159388067,120
1778716689.267675188,120
1778716689.376231312,120
1778716689.484238892,120
1778716689.593628949,120
1778716689.701453223,121
1778716689.809654357,121
1778716689.920526571,121
1778716690.031232909,121
1778716690.139815265,121
1778716690.247945259,121
1778716690.356202418,121
1778716690.464777276,121
1778716690.572627629,121
1778716690.686335770,122
1778716690.794919977,122
1778716690.903105886,122
1778716691.010891881,122
1778716691.119107786,122
1778716691.227313416,122
1778716691.335123692,122
1778716691.443082539,122
1778716691.552645425,122
1778716691.661564902,123
1778716691.770037262,123
1778716691.878743734,123
1778716691.988331820,123
1778716692.096842922,123
1778716692.207216367,123
1778716692.315497137,123
1778716692.426207834,123
1778716692.537717157,123
1778716692.646690968,123
1778716692.754776331,124
1778716692.863125215,124
1778716692.971971747,124
1778716693.080132682,124
1778716693.190049143,124
1778716693.298381152,124
1778716693.414094373,124
1778716693.523168452,124
1778716693.631002857,124
1778716693.738848972,125
1778716693.847170079,125
1778716693.955274813,125
1778716694.063328999,125
1778716694.172792450,125
1778716694.281311917,125
1778716694.390097428,125
1778716694.498230111,125
1778716694.606764264,125
1778716694.714654600,125
1778716694.822905078,125
1778716694.931418386,126
1778716695.041910343,126
1778716695.150073655,126
1778716695.258455337,126
1778716695.366580543,126
1778716695.475768834,126
1778716695.585771416,126
1778716695.697271960,126
1778716695.810568550,126
1778716695.932788462,126
1778716696.054472288,127
1778716696.170513466,127
1778716696.279772422,127
1778716696.388644083,127
1778716696.496615470,127
1778716696.605086110,127
1778716696.712946788,127
1778716696.821081491,127
1778716696.928964073,127
1778716697.038155629,127
1778716697.146724150,128
1778716697.255055304,128
1778716697.364130501,128
1778716697.472765606,128
1778716697.580589381,128
1778716697.689249396,128
1778716697.797131674,128
1778716697.905381563,128
1778716698.013019987,128
1778716698.125235669,128
1778716698.235164714,128
1778716698.343352969,129
1778716698.455135331,129
1778716698.563312206,129
1778716698.671621808,129
1778716698.785401273,129
1778716698.893070254,129
1778716699.000807909,129
1778716699.108828703,129
1778716699.217087923,129
1778716699.325246829,129
1778716699.433417843,130
1778716699.541785198,130
1778716699.649564713,130
1778716699.757349495,130
1778716699.864924064,130
1778716699.973224830,130
1778716700.081161353,130
1778716700.189565517,130
1778716700.297541889,130
1778716700.405468246,130
1778716700.513598079,130
1778716700.622051850,131
1778716700.729882874,131
1778716700.837800458,131
1778716700.945601379,131
1778716701.054570811,131
1778716701.162550245,131
1778716701.270749742,131
1778716701.398420501,131
1778716701.514439673,131
1778716701.623815191,131
1778716701.731604808,131
1778716701.839848547,132
1778716701.947786063,132
1778716702.056893965,132
1778716702.165035497,132
1778716702.273806498,132
1778716702.382228932,132
1778716702.491316751,132
1778716702.600841047,132
1778716702.711796101,132
1778716702.820680643,132
1778716702.928687591,132
1778716703.037117566,133
1778716703.145706843,133
1778716703.254474193,133
1778716703.362422044,133
1778716703.470640111,133
1778716703.578465179,133
1778716703.687145998,133
1778716703.795417126,133
1778716703.904229186,133
1778716704.012356960,133
1778716704.125786497,133
1778716704.236391975,134
1778716704.344257785,134
1778716704.452615409,134
1778716704.560459172,134
1778716704.668610747,134
1778716704.776817230,134
1778716704.886962410,134
1778716704.995726952,134
1778716705.108237907,134
1778716705.217943288,134
1778716705.326682796,135
1778716705.436924224,135
1778716705.545285316,135
1778716705.655805811,135
1778716705.763824895,135
1778716705.872676423,135
1778716705.981619397,135
1778716706.090799952,135
1778716706.201472548,135
1778716706.311761161,135
1778716706.426044182,136
1778716706.534426332,136
1778716706.642248097,136
1778716706.751147055,136
1778716706.875699393,136
1778716706.985457028,136
1778716707.093695779,136
1778716707.203228686,136
1778716707.315472471,136
1778716707.423767584,136
1778716707.532256599,136
1778716707.640367276,137
1778716707.748482186,137
1778716707.856103261,137
1778716707.964218513,137
1778716708.074090768,137
1778716708.182464586,137
1778716708.296892709,137
1778716708.405959029,137
1778716708.513696282,137
1778716708.621610142,137
1778716708.729799671,137
1778716708.841262352,137
1778716708.950052620,138
1778716709.058424651,138
1778716709.167058802,138
1778716709.275246530,138
1778716709.383620471,138
1778716709.491832440,138
1778716709.600498339,138
1778716709.708392128,138
1778716709.816437085,138
1778716709.924168366,138
1778716710.032732509,138
1778716710.140825236,139
1778716710.249262003,139
1778716710.358297513,139
1778716710.467224120,139
1778716710.575002367,139
1778716710.683006097,139
1778716710.791129636,139
1778716710.899033727,139
1778716711.011906617,139
1778716711.120318691,139
1778716711.238692529,139
1778716711.352221852,140
1778716711.460214123,140
1778716711.568922280,140
1778716711.676928547,140
1778716711.785662131,140
1778716711.894054922,140
1778716712.002333208,140
1778716712.110474663,140
1778716712.218858779,140
1778716712.327019830,140
1778716712.436498531,140
1778716712.544732388,140
1778716712.653635233,141
1778716712.761720280,141
1778716712.872455202,141
1778716712.980644166,141
1778716713.088640604,141
1778716713.197605234,141
1778716713.307326658,141
1778716713.419684618,141
1778716713.530137383,141
1778716713.641655498,141
1778716713.754064820,141
1778716713.861966685,141
1778716713.970206602,142
1778716714.077995897,142
1778716714.186681847,142
1778716714.294476791,142
1778716714.402885074,142
1778716714.510758445,142
1778716714.619299952,142
1778716714.727476531,142
1778716714.835529179,142
1778716714.943298029,142
1778716715.051811872,142
1778716715.160114752,143
1778716715.270178581,143
1778716715.378160058,143
1778716715.488272525,143
1778716715.596049390,143
1778716715.705142825,143
1778716715.814206761,143
1778716715.926780447,143
1778716716.040414362,143
1778716716.153743739,143
1778716716.261845815,143
1778716716.370259833,143
1778716716.478369651,144
1778716716.587388882,144
1778716716.695546332,144
1778716716.805833987,144
1778716716.917136930,144
1778716717.025911521,144
1778716717.137909887,144
1778716717.256377742,144
1778716717.372343251,144
1778716717.486327238,144
1778716717.598492337,144
1778716717.711639597,145
1778716717.841413825,145
1778716717.953880144,145
1778716718.066514245,145
1778716718.177848502,145
1778716718.292642623,145
1778716718.408176275,145
1778716718.531624289,145
1778716718.644258987,145
1778716718.755698919,145
1778716718.866901077,146
1778716718.976989294,146
1778716719.087761816,146
1778716719.197464015,146
1778716719.308738230,146
1778716719.417639314,146
1778716719.526567689,146
1778716719.640902633,146
1778716719.750644466,146
1778716719.858500974,146
1778716719.966958986,146
1778716720.077659678,146
1778716720.186075475,147
1778716720.294995568,147
1778716720.405750051,147
1778716720.516162178,147
1778716720.626237365,147
1778716720.735789395,147
1778716720.845433310,147
1778716720.954998646,147
1778716721.064322315,147
1778716721.173237641,147
1778716721.282544346,147
1778716721.391557998,147
1778716721.499518914,148
1778716721.607560396,148
1778716721.715840302,148
1778716721.824426327,148
1778716721.934702640,148
1778716722.047978117,148
1778716722.160407880,148
1778716722.269735115,148
1778716722.380455171,148
1778716722.489262194,148
1778716722.598336061,148
1778716722.707199434,148
1778716722.816214209,149
1778716722.924582862,149
1778716723.033074735,149
1778716723.143362215,149
1778716723.252989395,149
1778716723.364919705,149
1778716723.474163664,149
1778716723.583726659,149
1778716723.698007145,149
1778716723.808823007,149
1778716723.919556300,149
1778716724.033835215,149
1778716724.142636633,150
1778716724.250717099,150
1778716724.364218604,150
1778716724.472440513,150
1778716724.580543949,150
1778716724.688764912,150
1778716724.796975755,150
1778716724.904924759,150
1778716725.013004774,150
1778716725.122874838,150
1778716725.231195567,150
1778716725.339481811,150
1778716725.458131481,151
1778716725.570115430,151
1778716725.682064407,151
1778716725.790666334,151
1778716725.899151531,151
1778716726.007647251,151
1778716726.121952608,151
1778716726.230459380,151
1778716726.339215712,151
1778716726.447248209,151
1778716726.555861070,151
1778716726.665745911,151
1778716726.776007776,151
1778716726.884710000,152
1778716726.993902629,152
1778716727.102847114,152
1778716727.211381315,152
1778716727.320369430,152
1778716727.430219373,152
1778716727.538491871,152
1778716727.646696718,152
1778716727.755916092,152
1778716727.866144300,152
1778716727.974264564,152
1778716728.082581172,152
1778716728.191908035,153
1778716728.300208635,153
1778716728.408177153,153
1778716728.522184265,153
1778716728.629948553,153
1778716728.737631461,153
1778716728.846886222,153
1778716728.955108092,153
1778716729.063361355,153
1778716729.171355246,153
1778716729.279436421,153
1778716729.388013764,153
1778716729.499034201,153
1778716729.607181876,154
1778716729.715368311,154
1778716729.833122639,154
1778716729.943987754,154
1778716730.052107955,154
1778716730.161654166,154
1778716730.270006985,154
1778716730.378102341,154
1778716730.486041041,154
1778716730.600215993,154
1778716730.708536624,154
1778716730.818552931,155
1778716730.927519856,155
1778716731.036956649,155
1778716731.145166881,155
1778716731.253720790,155
1778716731.361569878,155
1778716731.470502156,155
1778716731.579389779,155
1778716731.687139576,155
1778716731.794959492,155
1778716731.902838999,155
1778716732.013265803,155
1778716732.125890811,156
1778716732.234034307,156
1778716732.342300138,156
1778716732.450712375,156
1778716732.558788001,156
1778716732.667013112,156
1778716732.775278845,156
1778716732.883414559,156
1778716732.996119086,156
1778716733.105658071,156
1778716733.214663059,156
1778716733.323197355,157
1778716733.432602551,157
1778716733.540618350,157
1778716733.648920029,157
1778716733.756886839,157
1778716733.865026606,157
1778716733.973067926,157
1778716734.080873959,157
1778716734.188927096,157
1778716734.296849959,157
1778716734.404888429,157
1778716734.513142418,157
1778716734.625588292,158
1778716734.733434493,158
1778716734.841615708,158
1778716734.952280039,158
1778716735.060241809,158
1778716735.168218645,158
1778716735.276124870,158
1778716735.384293967,158
1778716735.493132505,158
1778716735.606455997,158
1778716735.715588617,158
1778716735.823575085,158
1778716735.931627461,159
1778716736.039328344,159
1778716736.147816703,159
1778716736.255644627,159
1778716736.363414537,159
1778716736.471152445,159
1778716736.580023294,159
1778716736.688417033,159
1778716736.796807274,159
1778716736.904937386,159
1778716737.013072271,159
1778716737.121349266,159
1778716737.235041644,160
1778716737.344013633,160
1778716737.452107761,160
1778716737.560240848,160
1778716737.668540612,160
1778716737.776762098,160
1778716737.884736062,160
1778716737.992749023,160
1778716738.101059425,160
1778716738.209131991,160
1778716738.322083819,160
1778716738.434411881,160
1778716738.542055919,161
1778716738.650176391,161
1778716738.760342096,161
1778716738.868730135,161
1778716738.976668995,161
1778716739.085259495,158
1778716739.193504744,152
1778716739.301396123,145
1778716739.409437820,139
1778716739.517465384,133
1778716739.625628934,126
1778716739.733709887,122
1778716739.844209920,114
1778716739.952774137,107
1778716740.070466625,103
1778716740.183396712,97
1778716740.292413391,91
1778716740.401912912,84
1778716740.510647142,80
1778716740.619578465,80
1778716740.728096942,80
1778716740.837223780,80
1778716740.946593778,80
1778716741.055362261,80
1778716741.172177281,80
1778716741.282941074,81
1778716741.393096191,81
1778716741.501699719,81
1778716741.610263623,81
1778716741.718681740,81
1778716741.827059405,81
1778716741.935633166,82
1778716742.044326837,82
1778716742.153215882,82
1778716742.262236385,82
1778716742.370897794,82
1778716742.479269049,82
1778716742.588617161,82
1778716742.696879904,83
1778716742.805268267,83
1778716742.913856547,83
1778716743.024506394,83
1778716743.134301693,83
1778716743.243014655,83
1778716743.352246313,83
1778716743.462850141,84
1778716743.571080891,84
1778716743.683703912,84
1778716743.794004993,84
1778716743.902023184,84
1778716744.010464643,84
1778716744.121010219,85
1778716744.230838101,85
1778716744.339484392,85
1778716744.447541917,85
1778716744.555465581,85
1778716744.663285884,85
1778716744.771370130,85
1778716744.879474898,85
1778716744.987469402,86
1778716745.095811306,86
1778716745.206216471,86
1778716745.314615545,86
1778716745.436952106,86
1778716745.579826293,86
1778716745.692634540,86
1778716745.802124500,87
1778716745.910518841,87
1778716746.019323325,87
1778716746.127723136,87
1778716746.236156638,87
1778716746.345514090,87
1778716746.457068040,87
1778716746.565552863,88
1778716746.674075789,88
1778716746.782572756,88
1778716746.891316726,88
1778716747.001735458,88
1778716747.110996767,88
1778716747.220527085,88
1778716747.329139486,88
1778716747.438794426,89
1778716747.549888263,89
1778716747.657984884,89
1778716747.766209228,89
1778716747.874271988,89
1778716747.986186003,89
1778716748.094350377,89
1778716748.202209596,90
1778716748.312059795,90
1778716748.420028217,90
1778716748.538958141,90
1778716748.656724359,90
1778716748.764889938,90
1778716748.873665958,90
1778716748.982359220,91
1778716749.090867769,91
1778716749.199103322,91
1778716749.309499545,91
1778716749.417759894,91
1778716749.525561293,91
1778716749.634399291,91
1778716749.742283294,92
1778716749.850592504,92
1778716749.964905682,92
1778716750.073635740,92
1778716750.181983453,92
1778716750.290086348,92
1778716750.397968017,92
1778716750.506082660,92
1778716750.614183141,93
1778716750.722182153,93
1778716750.831782069,93
1778716750.940323833,93
1778716751.050051340,93
1778716751.161114275,93
1778716751.270335955,93
1778716751.379317673,93
1778716751.488447143,94
1778716751.597275093,94
1778716751.706347864,94
1778716751.821544562,94
1778716751.929935994,94
1778716752.046113221,94
1778716752.158045328,94
1778716752.267027463,94
1778716752.375527713,95
1778716752.484038534,95
1778716752.592066858,95
1778716752.700312027,95
1778716752.808543626,95
1778716752.946455813,95
1778716753.061508487,95
1778716753.185034515,95
1778716753.297198088,96
1778716753.406719921,96
1778716753.519787554,96
1778716753.630662990,96
1778716753.738951661,96
1778716753.846812056,96
1778716753.954996064,96
1778716754.063386944,96
1778716754.171633946,97
1778716754.279678716,97
1778716754.387785472,97
1778716754.496023864,97
1778716754.604162027,97
1778716754.711950843,97
1778716754.821363266,97
1778716754.929226196,97
1778716755.037027698,98
1778716755.145856576,98
1778716755.254428198,98
1778716755.362664792,98
1778716755.470776844,98
1778716755.580475114,98
1778716755.692189268,98
1778716755.800647782,98
1778716755.911120702,98
1778716756.026641285,99
1778716756.136036835,99
1778716756.244782524,99
1778716756.354337925,99
1778716756.465935764,99
1778716756.574525076,99
1778716756.683001782,99
1778716756.791178554,99
1778716756.899021368,99
1778716757.006893987,100
1778716757.114921409,100
1778716757.238578506,100
1778716757.347970929,100
1778716757.456225624,100
1778716757.564646081,100
1778716757.672077628,100
1778716757.779917567,101
1778716757.887547575,101
1778716758.001128258,101
1778716758.109936682,101
1778716758.217820288,101
1778716758.325844966,101
1778716758.437876033,101
1778716758.545733457,101
1778716758.654134430,102
1778716758.762595814,102
1778716758.870848326,102
1778716758.978897846,102
1778716759.087206789,102
1778716759.195418842,102
1778716759.303612611,102
1778716759.411728681,102
1778716759.521886456,102
1778716759.630130212,103
1778716759.738217203,103
1778716759.846491858,103
1778716759.954901336,103
1778716760.064999520,103
1778716760.173622473,103
1778716760.290431370,103
1778716760.400184857,103
1778716760.509890121,104
1778716760.622418219,104
1778716760.730662787,104
1778716760.838598783,104
1778716760.946574684,104
1778716761.055043837,104
1778716761.163104926,104
1778716761.271100966,104
1778716761.378998506,104
1778716761.486721550,105
1778716761.595470208,105
1778716761.703441164,105
1778716761.811503702,105
1778716761.920380461,105
1778716762.028772633,105
1778716762.136865931,105
1778716762.245262477,105
1778716762.353173765,105
1778716762.461010780,106
1778716762.568828856,106
1778716762.676714532,106
1778716762.784901271,106
1778716762.893044094,106
1778716763.001657514,106
1778716763.110593848,106
1778716763.226405922,106
1778716763.334844344,106
1778716763.443103076,107
1778716763.551356011,107
1778716763.659376894,107
1778716763.775082909,107
1778716763.883128259,107
1778716763.991082123,107
1778716764.099038908,107
1778716764.207001600,107
1778716764.315089386,107
1778716764.423038859,108
1778716764.530961255,108
1778716764.638813593,108
1778716764.746788601,108
1778716764.855332393,108
1778716764.966787231,108
1778716765.080964080,108
1778716765.191315600,108
1778716765.302231957,108
1778716765.416001214,109
1778716765.530239353,109
1778716765.639521011,109
1778716765.748679550,109
1778716765.857775706,109
1778716765.967147802,109
1778716766.077179950,109
1778716766.186196994,109
1778716766.294991388,109
1778716766.404516252,109
1778716766.513286173,110
1778716766.626670560,110
1778716766.734811858,110
1778716766.842996175,110
1778716766.951056211,110
1778716767.060332583,110
1778716767.168869538,110
1778716767.282551986,110
1778716767.391783672,111
1778716767.516116309,111
1778716767.627309991,111
1778716767.735760843,111
1778716767.844527550,111
1778716767.953191962,111
1778716768.061650770,111
1778716768.169999799,111
1778716768.279539848,112
1778716768.387758829,112
1778716768.496148826,112
1778716768.604538893,112
1778716768.712974548,112
1778716768.823628603,112
1778716768.932492101,112
1778716769.040987436,112
1778716769.150311380,113
1778716769.263336869,113
1778716769.390630939,113
1778716769.505216436,113
1778716769.619150308,113
1778716769.727998590,113
1778716769.837965355,113
1778716769.948529501,113
1778716770.057977368,114
1778716770.171078464,114
1778716770.283703385,114
1778716770.395310589,114
1778716770.508380286,114
1778716770.616974977,114
1778716770.727606920,114
1778716770.838831554,114
1778716770.947471777,114
1778716771.056000005,115
1778716771.165158199,115
1778716771.273615359,115
1778716771.381819309,115
1778716771.489883525,115
1778716771.600829445,115
1778716771.717525910,115
1778716771.826402505,115
1778716771.936577435,116
1778716772.045106694,116
1778716772.153879876,116
1778716772.262507803,116
1778716772.371139102,116
1778716772.479358664,116
1778716772.587776481,116
1778716772.698269624,116
1778716772.806636069,116
1778716772.915107481,117
1778716773.023405334,117
1778716773.131591053,117
1778716773.241658156,117
1778716773.350001285,117
1778716773.457931430,117
1778716773.565643646,117
1778716773.674301723,117
1778716773.789423116,117
1778716773.897270245,118
1778716774.005409467,118
1778716774.118441127,118
1778716774.227237161,118
1778716774.335212748,118
1778716774.443087273,118
1778716774.550813141,118
1778716774.658702294,118
1778716774.766419197,118
1778716774.874212508,118
1778716774.982031670,119
1778716775.090165048,119
1778716775.198526804,119
1778716775.308369871,119
1778716775.416083520,119
1778716775.523859877,119
1778716775.631475994,119
1778716775.739401242,119
1778716775.847268625,119
1778716775.955944805,119
1778716776.064049223,120
1778716776.173640453,120
1778716776.281892531,120
1778716776.390387539,120
1778716776.498424545,120
1778716776.606283004,120
1778716776.717180409,120
1778716776.831522675,120
1778716776.939410822,120
1778716777.048340294,120
1778716777.156487394,121
1778716777.264578379,121
1778716777.372589945,121
1778716777.480624838,121
1778716777.589747828,121
1778716777.699927576,121
1778716777.808290834,121
1778716777.916651510,121
1778716778.025043590,121
1778716778.133474901,121
1778716778.241739618,122
1778716778.350202363,122
1778716778.459348151,122
1778716778.569123408,122
1778716778.677463966,122
1778716778.785365252,122
1778716778.893228455,122
1778716779.000998595,122
1778716779.108784613,122
1778716779.216849157,122
1778716779.324642060,123
1778716779.432774364,123
1778716779.540635810,123
1778716779.648520843,123
1778716779.761858017,123
1778716779.870047489,123
1778716779.977794973,123
1778716780.085679899,123
1778716780.195418015,123
1778716780.304793904,123
1778716780.412674792,124
1778716780.521606564,124
1778716780.629829592,124
1778716780.737844030,124
1778716780.846028203,124
1778716780.953985179,124
1778716781.062119407,124
1778716781.170725243,124
1778716781.281224825,124
1778716781.389312016,124
1778716781.497407133,124
1778716781.605271380,125
1778716781.713382365,125
1778716781.821707066,125
1778716781.932939648,125
1778716782.041211386,125
1778716782.161909697,125
1778716782.270695804,125
1778716782.379471244,125
1778716782.490140422,125
1778716782.598758689,125
1778716782.707513321,125
1778716782.815606314,126
1778716782.923558166,126
1778716783.033116072,126
1778716783.141412786,126
1778716783.250024674,126
1778716783.359627504,126
1778716783.469754337,126
1778716783.580759233,126
1778716783.690853682,126
1778716783.799131071,127
1778716783.907326763,127
1778716784.015297308,127
1778716784.123441617,127
1778716784.231482497,127
1778716784.339581490,127
1778716784.447530693,127
1778716784.555635776,127
1778716784.663567660,127
1778716784.771563095,127
1778716784.885086615,128
1778716784.994618587,128
1778716785.102274924,128
1778716785.210059236,128
1778716785.317834088,128
1778716785.425689584,128
