1778713582.874433,0
1778713582.987214,0
1778713583.097222,0
1778713583.201824,0
1778713583.305706,0
1778713583.409756,0
1778713583.514439,0
1778713583.618408,0
1778713583.722553,0
1778713583.826624,0
1778713583.932353,6
1778713584.037537,9
1778713584.141459,16
1778713584.245730,23
1778713584.349635,30
1778713584.454876,38
1778713584.558646,46
1778713584.662448,52
1778713584.776150,59
1778713584.885003,68
1778713584.988844,74
1778713585.092494,82
1778713585.196636,87
1778713585.302470,95
1778713585.406181,99
1778713585.509964,100
1778713585.624799,99
1778713585.729141,99
1778713585.837648,99
1778713585.942785,98
1778713586.046662,100
1778713586.150776,99
1778713586.254782,100
1778713586.359617,100
1778713586.465801,99
1778713586.569495,99
1778713586.673158,99
1778713586.777415,99
1778713586.882220,99
1778713586.985784,99
1778713587.090626,100
1778713587.194197,98
1778713587.297791,98
1778713587.408365,98
1778713587.512250,98
1778713587.615932,99
1778713587.719417,98
1778713587.838721,98
1778713587.951092,99
1778713588.059766,99
1778713588.165432,98
1778713588.269103,99
1778713588.372635,100
1778713588.476298,98
1778713588.580035,97
1778713588.683829,97
1778713588.788040,99
1778713588.892489,95
1778713588.996062,94
1778713589.099694,98
1778713589.203558,99
1778713589.307106,99
1778713589.412427,100
1778713589.516238,99
1778713589.619789,99
1778713589.724735,99
1778713589.829494,97
1778713589.932971,98
1778713590.038420,100
1778713590.142286,98
1778713590.246050,98
1778713590.350112,98
1778713590.453784,98
1778713590.559069,98
1778713590.662953,98
1778713590.766965,100
1778713590.870852,98
1778713590.974705,99
1778713591.078545,99
1778713591.182323,97
1778713591.286056,93
1778713591.389717,86
1778713591.493441,80
1778713591.597238,78
1778713591.701075,77
1778713591.807292,75
1778713591.911386,75
1778713592.015327,82
1778713592.118943,82
1778713592.226782,80
1778713592.330332,79
1778713592.434013,82
1778713592.537452,83
1778713592.644180,81
1778713592.748146,87
1778713592.851733,86
1778713592.955458,85
1778713593.059087,86
1778713593.163058,87
1778713593.268427,85
1778713593.372080,86
1778713593.475626,89
1778713593.579318,96
1778713593.683071,98
1778713593.786561,97
1778713593.890452,96
1778713593.994022,97
1778713594.097704,99
1778713594.201230,98
1778713594.304844,99
1778713594.408860,98
1778713594.512558,99
1778713594.616084,98
1778713594.719628,94
1778713594.823527,93
1778713594.927820,92
1778713595.031516,92
1778713595.135019,94
1778713595.238537,92
1778713595.342736,93
1778713595.450999,94
1778713595.566681,95
1778713595.672910,99
1778713595.778278,98
1778713595.882221,97
1778713595.985838,97
1778713596.090411,98
1778713596.194217,96
1778713596.298003,98
1778713596.401644,97
1778713596.505654,90
1778713596.609295,83
1778713596.713089,83
1778713596.830238,79
1778713596.934036,73
1778713597.037714,69
1778713597.141621,64
1778713597.245293,63
1778713597.348962,60
1778713597.452621,56
1778713597.556686,53
1778713597.660497,50
1778713597.763954,48
1778713597.867488,45
1778713597.970916,53
1778713598.075267,51
1778713598.178852,52
1778713598.285434,52
1778713598.389020,56
1778713598.492529,59
1778713598.596342,57
1778713598.704285,57
1778713598.808157,62
1778713598.911871,69
1778713599.015491,70
1778713599.119215,68
1778713599.222986,69
1778713599.326649,70
1778713599.430270,70
1778713599.534067,71
1778713599.637885,71
1778713599.741695,73
1778713599.845532,70
1778713599.949151,70
1778713600.052649,71
1778713600.157582,73
1778713600.261097,67
1778713600.365160,60
1778713600.469519,58
1778713600.573921,56
1778713600.677802,56
1778713600.781437,57
1778713600.889424,53
1778713600.993256,51
1778713601.097137,51
1778713601.200851,50
1778713601.304719,49
1778713601.408319,53
1778713601.512095,56
1778713601.615669,53
1778713601.724471,51
1778713601.828624,52
1778713601.932381,55
1778713602.036024,56
1778713602.139831,55
1778713602.243402,55
1778713602.347080,58
1778713602.450627,64
1778713602.554549,67
1778713602.658464,67
1778713602.762070,65
1778713602.865633,67
1778713602.969172,67
1778713603.072756,68
1778713603.176392,68
1778713603.279793,68
1778713603.386274,70
1778713603.489925,70
1778713603.593999,68
1778713603.697623,69
1778713603.801225,71
1778713603.905371,67
1778713604.008978,60
1778713604.112764,55
1778713604.216441,56
1778713604.320106,56
1778713604.423716,56
1778713604.527398,56
1778713604.631236,48
1778713604.734897,49
1778713604.838990,48
1778713604.942720,46
1778713605.046332,48
1778713605.150153,45
1778713605.254303,46
1778713605.358657,46
1778713605.462368,44
1778713605.565923,45
1778713605.669626,46
1778713605.773950,46
1778713605.881084,46
1778713605.984874,44
1778713606.088773,45
1778713606.192498,47
1778713606.296134,47
1778713606.399800,47
1778713606.503542,46
1778713606.607287,45
1778713606.710999,47
1778713606.814611,47
1778713606.918510,47
1778713607.022291,46
1778713607.125966,45
1778713607.229531,48
1778713607.333006,47
1778713607.436735,47
1778713607.540586,46
1778713607.644281,45
1778713607.747900,48
1778713607.851549,47
1778713607.955008,47
1778713608.058480,46
1778713608.161714,46
1778713608.264973,47
1778713608.372038,47
1778713608.475470,47
1778713608.579199,45
1778713608.683381,45
1778713608.787150,47
1778713608.890879,47
1778713608.994387,47
1778713609.098153,46
1778713609.201848,45
1778713609.305706,47
1778713609.409418,47
1778713609.512918,47
1778713609.619013,47
1778713609.722730,48
1778713609.826264,47
1778713609.929929,48
1778713610.033740,48
1778713610.137910,48
1778713610.241575,53
1778713610.345180,53
1778713610.449322,53
1778713610.553394,54
1778713610.657197,54
1778713610.760588,53
1778713610.865137,58
1778713610.968915,57
1778713611.072749,57
1778713611.176412,57
1778713611.280010,58
1778713611.383672,57
1778713611.487297,61
1778713611.591042,68
1778713611.694623,67
1778713611.798204,68
1778713611.902053,68
1778713612.006036,68
1778713612.109794,68
1778713612.213472,69
1778713612.317079,69
1778713612.420701,69
1778713612.524396,71
1778713612.628039,69
1778713612.731640,71
1778713612.835475,71
1778713612.949106,71
1778713613.059671,70
1778713613.165430,71
1778713613.269658,65
1778713613.373347,59
1778713613.477928,55
1778713613.582700,55
1778713613.686388,57
1778713613.790092,57
1778713613.893881,57
1778713613.997857,58
1778713614.126508,49
1778713614.230383,50
1778713614.334472,48
1778713614.438460,50
1778713614.542389,50
1778713614.646198,50
1778713614.749944,48
1778713614.855399,55
1778713614.959380,53
1778713615.063279,55
1778713615.167393,55
1778713615.271477,55
1778713615.375639,53
1778713615.479444,59
1778713615.583611,58
1778713615.687981,60
1778713615.792087,61
1778713615.897317,60
1778713616.004175,61
1778713616.109618,63
1778713616.214877,71
1778713616.319899,72
1778713616.424449,71
1778713616.549052,71
1778713616.654259,72
1778713616.759077,72
1778713616.863741,70
1778713616.970201,72
1778713617.075198,73
1778713617.179919,73
1778713617.284304,74
1778713617.388557,72
1778713617.492848,74
1778713617.597081,75
1778713617.701218,75
1778713617.805489,74
1778713617.909500,76
1778713618.013081,71
1778713618.116774,65
1778713618.220437,62
1778713618.324087,60
1778713618.430546,62
1778713618.534848,62
1778713618.638462,62
1778713618.742180,62
1778713618.845650,60
1778713618.949370,55
1778713619.053065,54
1778713619.157191,53
1778713619.261006,53
1778713619.364789,55
1778713619.473223,54
1778713619.576822,53
1778713619.680621,59
1778713619.784965,57
1778713619.889421,59
1778713619.993237,59
1778713620.098652,59
1778713620.204628,59
1778713620.309767,61
1778713620.415816,62
1778713620.567015,61
1778713620.689692,58
1778713620.794730,58
1778713620.900523,59
1778713621.005886,59
1778713621.110235,61
1778713621.215825,64
1778713621.324272,73
1778713621.429108,72
1778713621.533604,72
1778713621.638023,73
1778713621.742326,72
1778713621.848865,71
1778713621.953287,71
1778713622.057292,72
1778713622.161503,72
1778713622.268048,73
1778713622.373719,74
1778713622.477467,74
1778713622.583266,74
1778713622.687051,73
1778713622.790747,74
1778713622.894472,74
1778713622.998260,75
1778713623.101736,76
1778713623.205436,70
1778713623.309104,64
1778713623.412827,61
1778713623.516620,61
1778713623.620297,60
1778713623.723831,61
1778713623.827483,61
1778713623.931320,61
1778713624.034958,61
1778713624.138543,52
1778713624.242026,52
1778713624.345459,52
1778713624.449275,52
1778713624.553600,52
1778713624.661197,52
1778713624.765631,52
1778713624.869781,50
1778713624.973354,50
1778713625.077031,50
1778713625.181160,50
1778713625.285249,50
1778713625.389004,48
1778713625.492548,50
1778713625.596462,51
1778713625.700523,50
1778713625.804289,49
1778713625.907912,50
1778713626.011729,51
1778713626.115534,50
1778713626.219187,50
1778713626.322838,51
1778713626.426441,53
1778713626.530318,52
1778713626.633969,52
1778713626.738598,51
1778713626.867011,52
1778713626.973318,52
1778713627.077417,53
1778713627.181292,53
1778713627.285297,53
1778713627.389419,53
1778713627.493109,53
1778713627.597006,54
1778713627.700768,53
1778713627.804459,53
1778713627.908042,53
1778713628.011779,53
1778713628.115461,53
1778713628.219123,53
1778713628.322652,53
1778713628.426242,53
1778713628.530017,53
1778713628.633847,53
1778713628.737319,53
1778713628.840759,53
1778713628.944232,53
1778713629.047694,53
1778713629.151126,54
1778713629.254459,55
1778713629.357594,56
1778713629.465375,55
1778713629.570845,55
1778713629.674500,56
1778713629.778411,55
1778713629.882761,55
1778713629.986505,63
1778713630.090491,63
1778713630.194164,63
1778713630.298243,63
1778713630.402020,62
1778713630.505594,63
1778713630.609315,63
1778713630.713269,64
1778713630.816933,66
1778713630.921016,66
1778713631.024864,66
1778713631.128857,67
1778713631.232763,65
1778713631.336287,66
1778713631.441067,66
1778713631.546805,68
1778713631.653558,75
1778713631.758567,77
1778713631.862681,77
1778713631.966414,77
1778713632.070215,78
1778713632.173846,76
1778713632.277628,77
1778713632.381373,77
1778713632.485278,78
1778713632.589017,78
1778713632.693426,78
1778713632.797180,79
1778713632.900873,79
1778713633.004393,79
1778713633.108122,81
1778713633.212382,80
1778713633.316251,80
1778713633.419835,80
1778713633.523468,80
1778713633.627141,81
1778713633.730862,77
1778713633.834335,70
1778713633.939806,66
1778713634.047410,67
1778713634.151266,68
1778713634.256704,68
1778713634.360512,68
1778713634.464223,69
1778713634.567991,69
1778713634.671725,68
1778713634.775316,60
1778713634.879241,61
1778713634.982802,61
1778713635.086503,61
1778713635.190199,61
1778713635.294199,61
1778713635.398211,61
1778713635.501955,61
1778713635.607203,58
1778713635.711301,65
1778713635.815333,65
1778713635.919072,65
1778713636.022790,66
1778713636.126737,65
1778713636.231228,64
1778713636.334766,64
1778713636.437949,65
1778713636.543161,68
1778713636.649452,68
1778713636.753059,69
1778713636.856683,68
1778713636.960500,68
1778713637.064178,67
1778713637.167916,68
1778713637.271402,68
1778713637.375323,73
1778713637.478951,79
1778713637.582731,78
1778713637.686488,80
1778713637.790447,79
1778713637.894173,79
1778713637.997901,79
1778713638.101664,80
1778713638.205520,79
1778713638.309085,80
1778713638.412666,81
1778713638.519239,81
1778713638.622918,82
1778713638.726514,82
1778713638.830183,84
1778713638.933439,84
1778713639.050278,81
1778713639.154286,83
1778713639.258078,84
1778713639.361900,84
1778713639.465705,83
1778713639.569460,84
1778713639.673134,77
1778713639.776965,70
1778713639.880692,69
1778713639.984430,69
1778713640.088132,69
1778713640.191763,70
1778713640.295948,69
1778713640.399679,69
1778713640.503407,69
1778713640.607232,70
1778713640.713973,65
1778713640.819357,62
1778713640.923050,63
1778713641.026664,63
1778713641.130432,63
1778713641.234066,63
1778713641.337268,63
1778713641.441285,63
1778713641.548393,63
1778713641.651968,68
1778713641.756556,69
1778713641.863837,69
1778713641.967664,68
1778713642.071487,70
1778713642.175660,69
1778713642.279418,67
1778713642.383214,68
1778713642.486925,70
1778713642.590920,72
1778713642.694844,71
1778713642.798415,72
1778713642.902016,72
1778713643.005669,71
1778713643.109133,72
1778713643.212606,72
1778713643.316112,72
1778713643.421061,72
1778713643.525409,79
1778713643.629785,83
1778713643.733875,83
1778713643.841614,84
1778713643.945556,83
1778713644.049652,83
1778713644.153459,84
1778713644.257494,83
1778713644.361605,82
1778713644.465306,83
1778713644.569135,84
1778713644.672832,84
1778713644.776770,84
1778713644.880438,86
1778713644.984119,86
1778713645.087845,86
1778713645.191653,86
1778713645.295394,86
1778713645.399043,86
1778713645.502749,86
1778713645.606331,86
1778713645.710278,87
1778713645.814559,85
1778713645.918304,78
1778713646.021732,73
1778713646.125123,73
1778713646.228468,74
1778713646.333429,74
1778713646.436950,73
1778713646.540636,74
1778713646.644250,74
1778713646.747915,73
1778713646.851670,73
1778713646.955254,68
1778713647.060040,67
1778713647.164016,66
1778713647.267730,66
1778713647.371455,66
1778713647.475027,66
1778713647.578596,66
1778713647.682328,66
1778713647.785925,66
1778713647.889602,64
1778713647.993138,65
1778713648.096733,64
1778713648.200255,65
1778713648.304186,65
1778713648.416531,63
1778713648.521798,65
1778713648.625788,66
1778713648.737444,63
1778713648.841479,64
1778713648.946217,65
1778713649.050244,65
1778713649.154184,65
1778713649.258681,65
1778713649.362506,64
1778713649.466407,64
1778713649.570263,64
1778713649.673911,65
1778713649.777791,64
1778713649.881588,64
1778713649.985181,66
1778713650.088773,67
1778713650.192944,64
1778713650.296651,64
1778713650.400181,65
1778713650.503725,66
1778713650.607795,65
1778713650.712921,65
1778713650.820455,66
1778713650.924229,66
1778713651.028429,66
1778713651.132947,66
1778713651.236758,66
1778713651.341214,66
1778713651.444919,66
1778713651.548686,66
1778713651.652481,66
1778713651.756293,66
1778713651.879468,66
1778713651.983597,67
1778713652.087428,67
1778713652.191973,68
1778713652.295864,69
1778713652.399509,68
1778713652.503253,67
1778713652.607102,68
1778713652.710804,68
1778713652.814375,69
1778713652.919698,67
1778713653.023841,74
1778713653.127446,74
1778713653.231091,74
1778713653.335030,74
1778713653.438783,74
1778713653.542269,74
1778713653.647702,74
1778713653.753108,74
1778713653.857127,75
1778713653.960776,78
1778713654.064351,79
1778713654.167717,79
1778713654.271532,78
1778713654.375260,78
1778713654.478993,79
1778713654.582796,79
1778713654.686367,77
1778713654.790286,79
1778713654.893999,79
1778713654.997921,84
1778713655.101485,90
1778713655.205416,90
1778713655.309252,90
1778713655.412994,90
1778713655.516608,89
1778713655.621191,90
1778713655.726210,90
1778713655.829943,90
1778713655.933593,90
1778713656.038005,92
1778713656.142267,91
1778713656.248281,92
1778713656.358162,92
1778713656.462753,93
1778713656.566938,92
1778713656.670757,93
1778713656.774897,94
1778713656.878845,93
1778713656.982702,92
1778713657.086582,93
1778713657.190699,95
1778713657.294363,93
1778713657.398018,94
1778713657.501771,93
1778713657.605242,86
1778713657.708812,81
1778713657.814252,80
1778713657.917926,80
1778713658.021858,80
1778713658.125569,80
1778713658.229107,80
1778713658.332432,80
1778713658.435846,80
1778713658.540344,80
1778713658.643902,81
1778713658.747142,77
1778713658.853173,73
1778713658.956893,75
1778713659.060526,74
1778713659.164137,74
1778713659.267726,73
1778713659.371375,75
1778713659.475001,74
1778713659.578466,73
1778713659.682059,74
1778713659.785771,72
1778713659.889514,79
1778713659.993398,79
1778713660.097105,79
1778713660.200606,79
1778713660.304968,79
1778713660.408727,79
1778713660.512429,79
1778713660.616320,78
1778713660.720384,80
1778713660.825211,79
1778713660.929039,82
1778713661.038329,82
1778713661.141874,81
1778713661.245423,82
1778713661.353132,82
1778713661.457119,82
1778713661.561173,82
1778713661.664799,82
1778713661.768572,84
1778713661.872301,83
1778713661.976302,89
1778713662.079868,94
1778713662.183595,93
1778713662.287476,94
1778713662.391184,94
1778713662.494958,94
1778713662.602629,94
1778713662.706837,94
1778713662.812505,94
1778713662.916200,94
1778713663.024429,95
1778713663.127993,95
1778713663.231545,95
1778713663.335215,97
1778713663.438990,97
1778713663.542597,97
1778713663.646146,97
1778713663.749676,97
1778713663.853123,98
1778713663.957626,97
1778713664.064838,97
1778713664.169840,97
1778713664.273916,97
1778713664.377481,97
1778713664.481226,98
1778713664.585238,95
1778713664.688805,89
1778713664.792587,83
1778713664.896259,84
1778713665.000032,84
1778713665.104198,84
1778713665.207990,84
1778713665.311633,84
1778713665.415636,84
1778713665.519710,83
1778713665.623808,84
1778713665.727674,85
1778713665.831489,84
1778713665.935312,77
1778713666.039004,77
1778713666.142759,77
1778713666.311410,77
1778713666.419390,78
1778713666.527466,77
1778713666.631449,78
1778713666.735419,78
1778713666.839323,77
1778713666.943153,80
1778713667.046860,83
1778713667.150797,83
1778713667.255025,83
1778713667.358858,83
1778713667.462676,82
1778713667.572720,82
1778713667.676519,82
1778713667.780325,82
1778713667.884179,82
1778713667.988107,82
1778713668.092024,82
1778713668.195535,87
1778713668.299341,86
1778713668.402863,85
1778713668.506335,86
1778713668.609854,87
1778713668.713447,86
1778713668.816848,85
1778713668.920869,86
1778713669.024415,87
1778713669.127755,86
1778713669.233768,87
1778713669.339205,96
1778713669.443708,97
1778713669.547212,97
1778713669.651019,96
1778713669.754805,97
1778713669.858651,97
1778713669.962075,97
1778713670.065638,97
1778713670.169497,97
1778713670.273063,97
1778713670.376724,97
1778713670.480380,98
1778713670.584446,99
1778713670.688787,98
1778713670.792493,100
1778713670.896206,99
1778713670.999895,99
1778713671.103873,99
1778713671.207309,98
1778713671.310830,98
1778713671.414219,97
1778713671.517647,98
1778713671.621380,98
1778713671.726002,98
1778713671.833554,98
1778713671.938210,99
1778713672.053466,92
1778713672.158654,88
1778713672.262400,87
1778713672.366266,87
1778713672.470122,87
1778713672.573700,87
1778713672.677368,87
1778713672.780956,88
1778713672.884830,88
1778713672.988653,89
1778713673.092607,88
1778713673.196959,88
1778713673.300708,87
1778713673.404486,81
1778713673.508034,82
1778713673.611672,81
1778713673.715450,81
1778713673.819288,81
1778713673.923346,81
1778713674.027215,81
1778713674.135478,81
1778713674.239505,81
1778713674.343117,81
1778713674.450476,81
1778713674.554358,79
1778713674.658175,79
1778713674.761973,79
1778713674.865886,79
1778713674.969476,79
1778713675.073145,79
1778713675.176877,79
1778713675.280589,79
1778713675.384527,79
1778713675.488170,80
1778713675.591910,78
1778713675.695990,78
1778713675.800112,78
1778713675.903824,77
1778713676.007607,79
1778713676.111386,78
1778713676.215195,78
1778713676.318982,78
1778713676.422849,79
1778713676.531440,79
1778713676.637940,79
1778713676.741617,79
1778713676.849563,79
1778713676.973727,79
1778713677.079224,78
1778713677.183869,79
1778713677.288938,80
1778713677.395294,79
1778713677.499588,79
1778713677.603729,80
1778713677.707895,79
1778713677.815582,80
1778713677.942087,79
1778713678.048737,81
1778713678.173110,78
1778713678.285828,81
1778713678.390296,80
1778713678.495522,80
1778713678.613387,77
1778713678.721822,78
1778713678.827653,77
1778713678.934272,80
1778713679.040966,81
1778713679.147385,78
1778713679.257910,81
1778713679.363262,80
1778713679.473315,82
1778713679.579677,82
1778713679.685454,82
1778713679.789980,82
1778713679.911315,82
1778713680.016137,80
1778713680.120861,82
1778713680.226496,80
1778713680.332785,82
1778713680.515513,82
1778713680.620361,85
1778713680.726655,90
1778713680.831296,91
1778713680.935709,91
1778713681.040023,90
1778713681.144159,90
1778713681.248302,90
1778713681.352288,91
1778713681.456159,90
1778713681.559968,90
1778713681.664170,89
1778713681.768720,88
1778713681.872552,90
1778713681.976539,92
1778713682.081497,91
1778713682.185808,92
1778713682.289951,92
1778713682.396665,92
1778713682.501352,92
1778713682.609529,92
1778713682.713450,93
1778713682.817417,93
1778713682.921274,93
1778713683.025530,94
1778713683.129848,93
1778713683.233776,94
1778713683.337665,95
1778713683.441393,95
1778713683.545421,94
1778713683.649104,95
1778713683.752848,94
1778713683.856697,94
1778713683.960333,94
1778713684.065753,97
1778713684.169383,95
1778713684.273242,95
1778713684.378400,95
1778713684.482653,96
1778713684.586329,97
1778713684.690010,97
1778713684.793688,96
1778713684.900043,96
1778713685.005621,97
1778713685.109670,96
1778713685.213915,96
1778713685.317650,97
1778713685.421297,97
1778713685.524969,97
1778713685.628740,97
1778713685.733475,97
1778713685.839248,97
1778713685.943323,96
1778713686.048696,96
1778713686.165396,97
1778713686.272057,97
1778713686.376225,97
1778713686.529098,96
1778713686.637624,97
1778713686.742089,97
1778713686.846733,97
1778713686.951223,98
1778713687.055262,99
1778713687.159401,98
1778713687.263558,99
1778713687.367524,99
1778713687.471269,99
1778713687.575361,99
1778713687.679832,98
1778713687.785766,98
1778713687.891429,97
1778713687.996909,98
1778713688.105572,98
1778713688.212326,98
1778713688.316339,98
1778713688.420719,98
1778713688.539234,98
1778713688.643130,91
1778713688.747281,88
1778713688.851279,88
1778713688.956386,88
1778713689.067813,88
1778713689.171703,88
1778713689.275551,88
1778713689.379781,89
1778713689.487987,89
1778713689.592263,89
1778713689.697299,88
1778713689.801294,88
1778713689.904915,86
1778713690.008632,85
1778713690.113694,85
1778713690.217423,81
1778713690.321287,78
1778713690.424916,72
1778713690.529763,65
1778713690.633682,55
1778713690.737838,55
1778713690.841442,50
1778713690.947751,48
1778713691.053328,49
1778713691.157151,48
1778713691.261129,49
1778713691.365515,51
1778713691.469174,52
1778713691.573113,52
1778713691.677174,52
1778713691.789841,52
1778713691.895063,52
1778713691.999331,52
1778713692.103700,53
1778713692.213290,55
1778713692.320505,55
1778713692.424518,56
1778713692.531963,54
1778713692.636893,53
1778713692.742526,56
1778713692.847347,57
1778713692.956127,57
1778713693.060412,57
1778713693.165054,57
1778713693.269250,57
1778713693.373410,57
1778713693.478476,56
1778713693.582665,57
1778713693.686859,56
1778713693.792210,57
1778713693.908028,58
1778713694.041741,57
1778713694.146571,58
1778713694.253235,58
1778713694.357248,58
1778713694.461485,59
1778713694.565448,59
1778713694.669258,58
1778713694.773124,59
1778713694.877069,58
1778713694.980751,58
1778713695.084348,58
1778713695.188134,58
1778713695.291951,52
1778713695.395948,49
1778713695.532372,48
1778713695.639173,49
1778713695.744483,50
1778713695.848716,50
1778713695.952684,49
1778713696.056682,47
1778713696.161311,47
1778713696.265102,47
1778713696.368623,47
1778713696.473522,47
1778713696.580673,47
1778713696.684354,47
1778713696.788113,53
1778713696.891753,52
1778713696.995575,53
1778713697.099180,52
1778713697.203024,53
1778713697.306729,53
1778713697.410809,53
1778713697.514529,55
1778713697.618245,57
1778713697.721848,58
1778713697.826021,56
1778713697.933895,57
1778713698.037443,57
1778713698.141054,58
1778713698.244638,58
1778713698.348329,59
1778713698.452053,60
1778713698.555795,60
1778713698.659217,60
1778713698.762773,59
1778713698.867367,60
1778713698.971028,61
1778713699.076291,61
1778713699.181417,61
1778713699.285211,61
1778713699.389396,61
1778713699.493414,61
1778713699.597452,62
1778713699.701269,62
1778713699.806636,61
1778713699.910689,61
1778713700.014516,61
1778713700.118066,61
1778713700.222018,61
1778713700.326303,63
1778713700.430180,62
1778713700.533864,62
1778713700.637463,62
1778713700.741885,62
1778713700.845995,64
1778713700.950373,63
1778713701.054019,63
1778713701.157748,63
1778713701.261572,63
1778713701.364924,63
1778713701.468218,62
1778713701.575555,63
1778713701.679321,57
1778713701.783515,54
1778713701.887161,54
1778713701.991317,54
1778713702.095370,55
1778713702.200350,55
1778713702.304058,55
1778713702.408301,54
1778713702.511961,51
1778713702.615912,51
1778713702.719641,51
1778713702.823416,51
1778713702.927143,51
1778713703.030789,51
1778713703.134313,51
1778713703.237924,50
1778713703.341457,50
1778713703.445660,50
1778713703.549475,51
1778713703.658672,51
1778713703.764107,51
1778713703.867990,51
1778713703.973671,51
1778713704.078086,51
1778713704.182017,51
1778713704.285798,51
1778713704.389711,51
1778713704.493804,51
1778713704.597667,51
1778713704.701361,51
1778713704.805463,52
1778713704.909387,51
1778713705.013208,52
1778713705.116868,52
1778713705.220521,53
1778713705.324613,51
1778713705.429122,52
1778713705.533133,52
1778713705.638655,52
1778713705.743212,52
1778713705.847304,53
1778713705.951143,54
1778713706.054818,52
1778713706.158534,52
1778713706.262165,52
1778713706.368336,52
1778713706.472030,53
1778713706.576431,53
1778713706.680047,53
1778713706.784019,53
1778713706.887889,53
1778713706.991924,53
1778713707.095611,54
1778713707.199383,52
1778713707.303241,53
1778713707.407354,53
1778713707.511212,55
1778713707.615085,55
1778713707.718877,54
1778713707.822818,54
1778713707.926448,54
1778713708.030210,55
1778713708.134910,55
1778713708.238790,55
1778713708.342532,61
1778713708.446424,61
1778713708.550023,61
1778713708.654603,60
1778713708.769368,62
1778713708.873698,62
1778713708.978014,63
1778713709.082062,63
1778713709.185942,67
1778713709.290159,66
1778713709.393917,66
1778713709.497586,66
1778713709.603423,65
1778713709.707456,66
1778713709.813475,66
1778713709.917170,68
1778713710.021018,67
1778713710.128063,68
1778713710.231732,68
1778713710.335545,68
1778713710.440246,68
1778713710.547151,68
1778713710.650965,68
1778713710.755292,68
1778713710.859299,68
1778713710.964027,69
1778713711.067519,69
1778713711.170972,69
1778713711.275675,69
1778713711.381435,69
1778713711.485160,69
1778713711.588968,71
1778713711.692635,72
1778713711.798170,71
1778713711.902212,71
1778713712.009589,70
1778713712.113365,71
1778713712.216947,71
1778713712.320556,71
1778713712.425882,71
1778713712.535306,71
1778713712.639826,71
1778713712.743798,71
1778713712.847865,72
1778713712.952436,74
1778713713.056125,73
1778713713.159696,72
1778713713.263398,72
1778713713.367086,72
1778713713.470816,72
1778713713.574470,71
1778713713.677914,72
1778713713.781432,72
1778713713.894319,70
1778713714.003540,63
1778713714.109546,62
1778713714.213910,62
1778713714.317583,62
1778713714.421305,62
1778713714.525177,63
1778713714.628872,62
1778713714.732638,62
1778713714.842658,60
1778713714.946422,60
1778713715.049991,61
1778713715.153920,60
1778713715.258245,60
1778713715.361742,61
1778713715.465438,62
1778713715.569707,62
1778713715.675075,59
1778713715.779346,66
1778713715.883030,65
1778713715.986777,67
1778713716.091083,66
1778713716.194568,66
1778713716.298021,66
1778713716.401680,66
1778713716.505660,67
1778713716.610642,69
1778713716.714751,70
1778713716.818792,69
1778713716.922550,70
1778713717.026602,71
1778713717.130542,70
1778713717.234311,70
1778713717.338021,72
1778713717.441817,71
1778713717.545966,70
1778713717.649709,73
1778713717.753396,73
1778713717.857470,73
1778713717.962703,73
1778713718.066369,73
1778713718.169976,73
1778713718.273593,73
1778713718.376970,73
1778713718.483129,73
1778713718.588506,74
1778713718.692171,74
1778713718.795981,75
1778713718.899790,74
1778713719.004761,74
1778713719.108500,75
1778713719.212630,74
1778713719.316301,74
1778713719.420323,75
1778713719.524076,74
1778713719.628113,75
1778713719.731979,75
1778713719.835712,75
1778713719.939607,75
1778713720.043297,75
1778713720.147036,75
1778713720.250838,75
1778713720.355146,75
1778713720.458917,76
1778713720.565945,74
1778713720.670972,75
1778713720.774836,76
1778713720.878850,77
1778713720.985885,78
1778713721.089597,76
1778713721.193367,78
1778713721.297166,78
1778713721.400945,76
1778713721.504870,78
1778713721.608690,78
1778713721.712427,77
1778713721.816028,70
1778713721.919805,68
1778713722.023859,68
1778713722.127836,68
1778713722.231533,69
1778713722.335229,67
1778713722.438890,67
1778713722.542454,69
1778713722.646665,69
1778713722.750554,64
1778713722.855319,64
1778713722.961097,66
1778713723.068354,66
1778713723.172085,65
1778713723.275989,65
1778713723.379697,67
1778713723.483664,65
1778713723.588634,66
1778713723.692414,70
1778713723.796218,70
1778713723.900248,71
1778713724.004195,70
1778713724.107854,70
1778713724.211456,69
1778713724.315189,71
1778713724.418909,71
1778713724.522576,72
1778713724.626220,73
1778713724.729927,75
1778713724.833639,77
1778713724.937119,76
1778713725.040562,75
1778713725.144134,75
1778713725.247663,77
1778713725.351372,76
1778713725.455176,76
1778713725.563862,76
1778713725.669452,76
1778713725.773485,78
1778713725.877835,78
1778713725.981591,77
1778713726.085375,77
1778713726.189423,78
1778713726.295439,77
1778713726.399869,77
1778713726.503788,78
1778713726.607564,79
1778713726.711479,78
1778713726.815247,78
1778713726.919517,78
1778713727.023263,79
1778713727.126889,80
1778713727.230772,78
1778713727.334364,79
1778713727.438037,79
1778713727.542593,78
1778713727.646381,80
1778713727.750664,79
1778713727.857054,79
1778713727.961799,79
1778713728.065557,78
1778713728.169464,79
1778713728.275017,79
1778713728.380050,79
1778713728.483889,79
1778713728.587708,81
1778713728.691316,80
1778713728.794994,80
1778713728.898849,80
1778713729.003021,81
1778713729.107914,82
1778713729.211721,82
1778713729.315627,82
1778713729.419352,81
1778713729.522947,82
1778713729.626581,82
1778713729.731383,81
1778713729.836218,81
1778713729.939734,82
1778713730.043488,81
1778713730.147175,75
1778713730.251497,72
1778713730.355235,72
1778713730.458908,72
1778713730.565980,72
1778713730.669632,72
1778713730.773729,72
1778713730.877843,73
1778713730.982848,72
1778713731.089581,72
1778713731.193369,69
1778713731.297206,69
1778713731.401135,68
1778713731.505036,68
1778713731.608974,69
1778713731.712769,69
1778713731.816931,68
1778713731.921179,70
1778713732.025161,69
1778713732.129043,68
1778713732.232923,69
1778713732.336718,70
1778713732.440325,69
1778713732.543994,69
1778713732.647558,69
1778713732.751302,70
1778713732.854927,69
1778713732.958481,68
1778713733.063823,70
1778713733.167380,69
1778713733.270821,70
1778713733.374039,69
1778713733.480962,69
1778713733.584679,69
1778713733.688309,68
1778713733.792099,69
1778713733.895701,70
1778713733.999421,69
1778713734.103116,69
1778713734.206770,69
1778713734.310634,70
1778713734.415210,70
1778713734.519025,69
1778713734.623131,69
1778713734.726717,69
1778713734.830567,69
1778713734.934626,70
1778713735.038385,70
1778713735.143387,69
1778713735.247032,71
1778713735.351191,71
1778713735.455024,70
1778713735.558584,71
1778713735.662204,71
1778713735.768649,71
1778713735.873682,70
1778713735.977493,71
1778713736.081408,71
1778713736.185089,72
1778713736.288849,72
1778713736.392660,72
1778713736.496279,72
1778713736.599933,72
1778713736.704905,73
1778713736.808921,72
1778713736.914655,72
1778713737.019465,73
1778713737.123150,73
1778713737.227901,79
1778713737.331819,78
1778713737.435493,80
1778713737.557154,78
1778713737.661362,77
1778713737.765588,79
1778713737.869589,79
1778713737.973363,79
1778713738.077271,79
1778713738.181097,78
1778713738.285043,82
1778713738.388545,83
1778713738.492095,82
1778713738.595858,82
1778713738.699546,82
1778713738.803302,82
1778713738.907027,82
1778713739.011176,82
1778713739.115024,83
1778713739.219193,82
1778713739.322780,84
1778713739.426345,84
1778713739.529971,85
1778713739.635206,85
1778713739.741483,84
1778713739.845472,86
1778713739.949491,86
1778713740.053294,86
1778713740.157107,86
1778713740.260654,86
1778713740.364802,86
1778713740.468337,86
1778713740.571876,87
1778713740.675635,87
1778713740.779508,87
1778713740.883363,87
1778713740.987136,87
1778713741.090882,87
1778713741.194646,87
1778713741.298443,87
1778713741.402211,87
1778713741.505884,88
1778713741.609532,89
1778713741.713120,88
1778713741.816749,88
1778713741.920128,87
1778713742.023648,89
1778713742.127619,88
1778713742.231412,87
1778713742.335142,88
1778713742.438686,89
1778713742.542417,88
1778713742.646344,86
1778713742.750127,88
1778713742.853883,88
1778713742.957502,89
1778713743.061214,89
1778713743.164936,88
1778713743.268609,89
1778713743.372106,90
1778713743.475689,89
1778713743.579802,89
1778713743.684361,89
1778713743.787974,89
1778713743.891614,89
1778713743.996594,90
1778713744.100363,90
1778713744.204571,90
1778713744.307915,84
1778713744.413691,81
1778713744.519279,80
1778713744.623012,80
1778713744.727307,81
1778713744.831465,80
1778713744.935089,80
1778713745.038596,80
1778713745.142206,81
1778713745.246181,82
1778713745.350306,80
1778713745.454145,78
1778713745.558154,78
1778713745.662475,78
1778713745.766490,78
1778713745.870227,79
1778713745.974521,78
1778713746.078597,78
1778713746.182320,78
1778713746.286091,77
1778713746.389941,80
1778713746.493911,77
1778713746.597625,84
1778713746.701312,84
1778713746.804996,84
1778713746.909450,84
1778713747.016695,84
1778713747.121429,85
1778713747.225095,84
1778713747.329105,84
1778713747.432871,84
1778713747.537008,83
1778713747.640967,85
1778713747.744742,88
1778713747.848673,87
1778713747.952566,88
1778713748.056461,89
1778713748.160176,88
1778713748.263916,87
1778713748.367830,88
1778713748.471454,88
1778713748.575193,89
1778713748.679254,88
1778713748.783204,89
1778713748.887187,89
1778713748.990797,90
1778713749.094562,90
1778713749.199127,90
1778713749.305227,90
1778713749.409261,90
1778713749.513070,90
1778713749.616801,90
1778713749.720419,90
1778713749.824040,89
1778713749.928114,90
1778713750.031725,91
1778713750.135140,91
1778713750.238631,91
1778713750.342299,91
1778713750.446403,91
1778713750.549920,91
1778713750.653549,91
1778713750.757233,91
1778713750.861154,91
1778713750.966375,91
1778713751.070212,91
1778713751.173866,92
1778713751.277879,93
1778713751.382210,93
1778713751.485883,93
1778713751.591265,93
1778713751.697543,93
1778713751.801354,93
1778713751.905250,93
1778713752.010755,91
1778713752.114834,94
1778713752.218817,93
1778713752.322700,93
1778713752.426866,93
1778713752.530698,93
1778713752.634636,93
1778713752.738249,94
1778713752.842090,94
1778713752.946112,94
1778713753.050080,94
1778713753.153754,94
1778713753.257379,93
1778713753.361906,94
1778713753.465383,94
1778713753.571348,94
1778713753.674844,94
1778713753.778851,96
1778713753.885625,95
1778713753.996210,89
1778713754.102058,84
1778713754.206138,84
1778713754.309909,84
1778713754.413695,84
1778713754.517378,85
1778713754.620920,84
1778713754.724881,84
1778713754.835138,85
1778713754.938966,84
1778713755.043002,84
1778713755.146882,84
1778713755.250694,82
1778713755.354706,81
1778713755.459328,82
1778713755.563589,83
1778713755.668585,82
1778713755.772626,81
1778713755.878301,81
1778713755.982315,81
1778713756.086776,81
1778713756.190653,84
1778713756.294562,86
1778713756.398120,89
1778713756.502838,89
1778713756.609227,89
1778713756.712988,89
1778713756.816818,88
1778713756.920609,89
1778713757.024302,90
1778713757.128534,89
1778713757.232206,89
1778713757.336029,89
1778713757.440146,89
1778713757.553426,92
1778713757.657305,92
1778713757.761183,92
1778713757.864804,92
1778713757.969251,93
1778713758.072847,92
1778713758.176592,92
1778713758.280359,92
1778713758.384083,92
1778713758.487653,92
1778713758.591618,93
1778713758.695423,93
1778713758.799284,93
1778713758.903131,93
1778713759.006741,95
1778713759.110396,94
1778713759.213859,94
1778713759.317179,94
1778713759.420304,95
1778713759.539357,95
1778713759.647457,95
1778713759.752981,95
1778713759.856816,95
1778713759.960560,95
1778713760.064314,95
1778713760.168178,97
1778713760.271826,97
1778713760.375989,96
1778713760.479648,97
1778713760.583357,96
1778713760.687023,97
1778713760.791126,96
1778713760.895093,96
1778713760.998808,96
1778713761.102512,96
1778713761.206275,97
1778713761.310128,97
1778713761.413812,96
1778713761.517413,97
1778713761.621075,97
1778713761.724673,98
1778713761.828381,97
1778713761.931691,97
1778713762.038750,97
1778713762.142483,97
1778713762.246440,97
1778713762.350178,97
1778713762.453816,97
1778713762.557404,97
1778713762.661033,97
1778713762.764814,97
1778713762.868528,98
1778713762.972625,98
1778713763.076554,97
1778713763.180159,97
1778713763.285896,97
1778713763.389804,100
1778713763.493643,97
1778713763.597704,97
1778713763.703882,98
1778713763.808031,97
1778713763.912194,97
1778713764.016090,98
1778713764.119853,98
1778713764.223994,95
1778713764.328090,89
1778713764.435432,88
1778713764.539495,88
1778713764.643459,88
1778713764.747010,88
1778713764.850628,89
1778713764.954912,88
1778713765.058812,87
1778713765.162423,87
1778713765.266133,87
1778713765.369903,87
1778713765.473899,87
1778713765.577554,81
1778713765.681119,79
1778713765.785214,74
1778713765.889299,67
1778713765.993253,59
1778713766.097491,52
1778713766.201399,45
1778713766.305524,40
1778713766.409265,41
1778713766.513037,40
1778713766.633465,39
1778713766.737142,41
1778713766.841396,42
1778713766.948732,41
1778713767.052833,42
1778713767.156977,42
1778713767.260869,43
1778713767.364879,41
1778713767.468608,43
1778713767.572810,43
1778713767.676856,43
1778713767.780594,43
1778713767.884215,43
1778713767.989368,43
1778713768.093094,42
1778713768.196685,43
1778713768.300179,43
1778713768.403920,43
1778713768.507624,43
1778713768.611197,43
1778713768.714710,44
1778713768.818328,43
1778713768.922148,44
1778713769.025758,44
1778713769.129268,44
1778713769.232624,43
1778713769.337440,44
1778713769.441767,44
1778713769.545833,43
1778713769.649648,44
1778713769.753468,44
1778713769.857315,44
1778713769.961924,44
1778713770.065676,45
1778713770.169423,45
1778713770.273477,44
1778713770.376972,45
1778713770.480598,45
1778713770.584224,47
1778713770.688338,47
1778713770.792058,47
1778713770.895709,48
1778713770.999433,47
1778713771.103484,46
1778713771.207268,53
1778713771.310985,55
1778713771.414462,53
1778713771.517941,52
1778713771.621594,53
1778713771.725445,53
1778713771.829415,52
1778713771.933076,57
1778713772.036765,57
1778713772.140323,57
1778713772.244377,57
1778713772.347934,57
1778713772.451643,57
1778713772.555403,57
1778713772.659215,58
1778713772.762797,59
1778713772.866527,60
1778713772.971107,60
1778713773.074758,59
1778713773.178334,61
1778713773.282053,60
1778713773.385432,60
1778713773.488815,61
1778713773.595386,61
1778713773.698996,61
1778713773.802516,61
1778713773.905893,61
1778713774.010383,61
1778713774.113607,61
1778713774.221433,61
1778713774.326347,61
1778713774.430122,62
1778713774.533890,62
1778713774.637747,63
1778713774.741487,63
1778713774.845237,63
1778713774.949012,63
1778713775.052937,63
1778713775.156692,63
1778713775.260377,64
1778713775.363891,64
1778713775.467865,64
1778713775.571838,64
1778713775.675625,64
1778713775.779408,63
1778713775.882907,64
1778713775.987305,64
1778713776.092218,61
1778713776.195750,55
1778713776.299340,53
1778713776.402793,56
1778713776.508522,55
1778713776.614661,56
1778713776.718602,55
1778713776.822782,54
1778713776.926360,51
1778713777.030027,52
1778713777.133985,52
1778713777.237721,52
1778713777.341516,53
1778713777.445268,52
1778713777.550800,52
1778713777.654566,50
1778713777.758369,57
1778713777.862120,59
1778713777.965832,57
1778713778.069810,57
1778713778.173509,58
1778713778.277116,59
1778713778.380636,57
1778713778.485301,62
1778713778.588987,62
1778713778.693930,62
1778713778.797554,63
1778713778.901069,62
1778713779.005141,61
1778713779.113433,62
1778713779.217113,62
1778713779.320789,63
1778713779.424424,64
1778713779.528214,65
1778713779.631826,65
1778713779.735535,65
1778713779.846469,65
1778713779.950406,64
1778713780.053999,66
1778713780.157506,65
1778713780.261174,65
1778713780.370650,65
1778713780.475676,66
1778713780.579748,66
1778713780.683604,65
1778713780.789162,66
1778713780.893254,66
1778713781.000271,66
1778713781.105321,65
1778713781.208978,65
1778713781.312633,66
1778713781.416348,67
1778713781.520110,68
1778713781.623786,66
1778713781.727840,65
1778713781.831163,66
1778713781.939086,67
1778713782.043241,68
1778713782.147346,68
1778713782.255528,68
1778713782.359470,69
1778713782.463296,69
1778713782.567065,69
1778713782.671012,68
1778713782.774901,69
1778713782.878703,69
1778713782.982496,66
1778713783.086591,60
1778713783.190381,59
1778713783.297527,58
1778713783.402156,59
1778713783.506294,59
1778713783.610274,59
1778713783.714073,59
1778713783.817917,60
1778713783.921842,56
1778713784.025616,56
1778713784.129202,57
1778713784.233422,56
1778713784.340805,56
1778713784.444541,57
1778713784.548363,56
1778713784.653669,54
1778713784.757524,61
1778713784.861186,61
1778713784.964887,62
1778713785.068778,61
1778713785.172595,62
1778713785.276279,62
1778713785.380031,62
1778713785.484477,63
1778713785.589582,65
1778713785.693700,66
1778713785.797565,66
1778713785.901761,67
1778713786.005724,67
1778713786.109679,67
1778713786.213534,69
1778713786.317885,68
1778713786.421838,67
1778713786.525578,69
1778713786.629319,68
1778713786.733424,70
1778713786.841471,69
1778713786.945506,69
1778713787.050641,69
1778713787.172442,68
1778713787.279355,70
1778713787.384060,72
1778713787.488718,71
1778713787.596872,71
1778713787.705627,71
1778713787.812070,71
1778713787.916103,71
1778713788.020208,71
1778713788.124246,70
1778713788.228309,70
1778713788.332501,69
1778713788.438019,70
1778713788.542209,70
1778713788.646514,70
1778713788.750939,70
1778713788.855652,71
1778713788.959705,72
1778713789.066440,71
1778713789.170979,72
1778713789.274757,72
1778713789.378613,72
1778713789.482798,73
1778713789.587902,73
1778713789.693739,73
1778713789.797657,73
1778713789.903540,73
1778713790.008444,73
1778713790.112268,74
1778713790.216468,74
1778713790.320497,73
1778713790.424105,69
1778713790.527943,63
1778713790.631778,63
1778713790.735879,63
1778713790.839792,64
1778713790.943541,64
1778713791.047302,64
1778713791.152950,65
1778713791.259566,65
1778713791.363582,60
1778713791.468632,60
1778713791.573565,60
1778713791.677860,60
1778713791.782426,61
1778713791.886609,61
1778713791.993958,60
1778713792.098166,61
1778713792.202558,59
1778713792.306346,60
1778713792.410253,59
1778713792.515219,59
1778713792.619524,60
1778713792.723252,60
1778713792.827047,60
1778713792.930807,61
1778713793.034472,60
1778713793.137996,60
1778713793.242803,60
1778713793.348955,59
1778713793.452707,60
1778713793.556177,61
1778713793.660127,63
1778713793.764125,62
1778713793.868538,61
1778713793.972153,61
1778713794.076033,61
1778713794.179935,62
1778713794.284110,62
1778713794.387900,62
1778713794.492025,61
1778713794.598909,61
1778713794.702901,61
1778713794.806653,61
1778713794.910424,63
1778713795.014363,61
1778713795.118122,61
1778713795.225066,63
1778713795.337214,61
1778713795.442857,62
1778713795.546840,62
1778713795.651125,61
1778713795.754966,61
1778713795.861574,63
1778713795.967252,62
1778713796.073439,62
1778713796.177959,62
1778713796.282143,62
1778713796.386544,63
1778713796.491150,63
1778713796.597118,64
1778713796.705377,63
1778713796.812594,64
1778713796.918427,64
1778713797.033361,66
1778713797.137315,59
1778713797.241388,53
1778713797.345446,53
1778713797.455571,46
1778713797.561315,39
1778713797.666572,32
1778713797.773608,26
1778713797.878130,19
1778713797.982555,14
1778713798.087063,11
1778713798.190939,12
1778713798.295028,12
1778713798.399736,11
1778713798.503636,11
1778713798.607269,11
1778713798.711107,12
1778713798.815589,8
1778713798.919914,1
1778713799.026658,5
1778713799.130664,9
1778713799.234756,9
1778713799.338288,10
1778713799.442167,10
1778713799.547081,10
1778713799.653494,11
1778713799.757059,11
1778713799.860886,9
1778713799.967558,2
1778713800.071753,4
1778713800.175542,9
1778713800.279975,10
1778713800.384141,11
1778713800.487864,11
1778713800.595192,11
1778713800.699445,12
1778713800.803245,12
1778713800.907035,10
1778713801.011199,3
