1778716970.123956300,16
1778716970.250838595,30
1778716970.361815154,44
1778716970.473689254,58
1778716970.585254197,72
1778716970.696217021,58
1778716970.805471368,37
1778716970.919597817,22
1778716971.028902058,22
1778716971.137959847,18
1778716971.246817319,37
1778716971.361057751,37
1778716971.471682901,20
1778716971.580620552,18
1778716971.691418211,18
1778716971.802326721,18
1778716971.915508984,19
1778716972.027311697,20
1778716972.136774567,20
1778716972.246243683,21
1778716972.355377993,22
1778716972.464109207,22
1778716972.572911230,23
1778716972.681678763,24
1778716972.789879628,24
1778716972.898200367,25
1778716973.006132834,25
1778716973.115094848,26
1778716973.223374468,26
1778716973.331480204,27
1778716973.439635720,27
1778716973.548063170,28
1778716973.655991625,28
1778716973.764370143,29
1778716973.878301133,29
1778716973.985653661,30
1778716974.093216291,30
1778716974.201576040,30
1778716974.309354446,31
1778716974.417200496,31
1778716974.524759964,32
1778716974.632550522,32
1778716974.740599666,33
1778716974.848694051,33
1778716974.956404512,33
1778716975.064183306,34
1778716975.174858447,34
1778716975.283552367,35
1778716975.392288072,35
1778716975.502076915,35
1778716975.610139640,32
1778716975.718471678,25
1778716975.826414833,18
1778716975.934779987,18
1778716976.043227995,19
1778716976.151276980,19
1778716976.258996091,20
1778716976.371918634,21
1778716976.482431114,21
1778716976.590506309,22
1778716976.698855586,23
1778716976.806529236,23
1778716976.914284595,24
1778716977.021878536,24
1778716977.130117861,25
1778716977.240088554,25
1778716977.355754126,26
1778716977.466604336,26
1778716977.575279111,27
1778716977.686243161,23
1778716977.794311009,18
1778716977.902462656,13
1778716978.010656483,13
1778716978.118838188,13
1778716978.227058004,14
1778716978.335941946,14
1778716978.444354037,15
1778716978.553136970,16
1778716978.661770306,16
1778716978.770493791,17
1778716978.883966268,17
1778716978.994238151,18
1778716979.119394012,18
1778716979.228035972,19
1778716979.336509489,19
1778716979.445248127,20
1778716979.554991949,20
1778716979.663619366,20
1778716979.771841132,21
1778716979.880463710,21
1778716979.988505654,22
1778716980.097008330,18
1778716980.204901394,15
1778716980.313215762,11
1778716980.424362314,11
1778716980.534551131,13
1778716980.646306233,14
1778716980.774033927,14
1778716980.886540408,15
1778716981.000534209,16
1778716981.113502954,17
1778716981.222068771,18
1778716981.330751493,18
1778716981.439745965,19
1778716981.551522108,19
1778716981.662423707,20
1778716981.772821050,20
1778716981.885929144,20
1778716982.000041079,21
1778716982.109787702,21
1778716982.219760842,22
1778716982.329603506,22
1778716982.439214232,22
1778716982.548653712,23
1778716982.658082495,23
1778716982.766768757,24
1778716982.875239844,24
1778716982.984122054,25
1778716983.093948855,25
1778716983.202495015,25
1778716983.311476201,26
1778716983.424653857,26
1778716983.533726323,27
1778716983.641364784,22
1778716983.749419341,15
1778716983.857317804,13
1778716983.977569049,13
1778716984.086013799,14
1778716984.194624230,15
1778716984.304628946,15
1778716984.413875642,16
1778716984.522595979,17
1778716984.631237266,18
1778716984.739339086,18
1778716984.847432400,18
1778716984.955428852,9
1778716985.064950122,9
1778716985.173141473,9
1778716985.281256268,10
1778716985.389142457,10
1778716985.498483231,11
1778716985.612529995,11
1778716985.722561108,12
1778716985.831465744,12
1778716985.939588183,13
1778716986.047791812,13
1778716986.158183551,14
1778716986.266291541,14
1778716986.374661364,15
1778716986.483582101,15
1778716986.591507679,15
1778716986.699504239,16
1778716986.807396549,17
1778716986.915313807,18
1778716987.023382762,19
1778716987.132296538,19
1778716987.240561837,20
1778716987.349180445,21
1778716987.460428282,21
1778716987.568688324,22
1778716987.677080647,23
1778716987.785661219,23
1778716987.893923748,24
1778716988.002264369,24
1778716988.110726558,25
1778716988.218561266,25
1778716988.332656446,26
1778716988.448675460,26
1778716988.556927242,27
1778716988.668147635,27
1778716988.776811965,28
1778716988.885885273,28
1778716988.995379897,29
1778716989.104051635,29
1778716989.213109874,30
1778716989.321786414,30
1778716989.431611136,31
1778716989.540290373,31
1778716989.649080802,31
1778716989.757991847,32
1778716989.866332946,32
1778716989.974504030,33
1778716990.082678394,33
1778716990.190823659,34
1778716990.301260238,34
1778716990.412759513,34
1778716990.524733510,35
1778716990.632687666,35
1778716990.740628445,32
1778716990.848981399,26
1778716990.956960241,20
1778716991.065042809,17
1778716991.172892015,18
1778716991.280548733,18
1778716991.388278701,19
1778716991.496095680,20
1778716991.604069304,21
1778716991.711790522,21
1778716991.819643480,22
1778716991.927722903,22
1778716992.035863105,23
1778716992.143928853,23
1778716992.253490100,24
1778716992.361216010,25
1778716992.472082948,25
1778716992.586518586,18
1778716992.700027786,12
1778716992.814804191,11
1778716992.930664963,12
1778716993.039712157,13
1778716993.148439357,14
1778716993.257247803,14
1778716993.365302121,15
1778716993.475256523,16
1778716993.583255807,16
1778716993.691866112,17
1778716993.799643231,17
1778716993.908436400,18
1778716994.016553584,18
1778716994.124602001,19
1778716994.232701987,19
1778716994.340670239,20
1778716994.448529676,20
1778716994.561700604,20
1778716994.669470267,21
1778716994.777193089,21
1778716994.884830561,22
1778716994.992555443,22
1778716995.100206359,22
1778716995.207823371,23
1778716995.315471355,23
1778716995.424367217,24
1778716995.538934961,24
1778716995.650073274,25
1778716995.758360138,25
1778716995.866291688,26
1778716995.974026088,26
1778716996.082462233,27
1778716996.190570388,27
1778716996.298859587,18
1778716996.406789721,13
1778716996.514721511,13
1778716996.622288693,13
1778716996.729916487,14
1778716996.837646948,15
1778716996.945354563,16
1778716997.052997679,16
1778716997.160638547,17
1778716997.268424078,17
1778716997.376113687,18
1778716997.484051485,18
1778716997.592066541,19
1778716997.699877446,19
1778716997.807889515,20
1778716997.915592987,20
1778716998.024082799,15
1778716998.132108169,10
1778716998.240254590,10
1778716998.348319507,10
1778716998.466437292,11
1778716998.578486547,11
1778716998.686163938,12
1778716998.793838078,13
1778716998.902250481,14
1778716999.010290356,14
1778716999.118178382,15
1778716999.226486923,15
1778716999.335015032,16
1778716999.443704529,16
1778716999.551932317,17
1778716999.659891250,17
1778716999.767601838,18
1778716999.875441096,18
1778716999.983217840,18
1778717000.091058153,19
1778717000.199062092,19
1778717000.306936363,20
1778717000.433861736,20
1778717000.552626318,20
1778717000.666839864,21
1778717000.774991250,21
1778717000.882949984,22
1778717000.990769274,22
1778717001.098505935,23
1778717001.206352540,23
1778717001.313895231,16
1778717001.421528429,13
1778717001.529523119,11
1778717001.637175210,12
1778717001.744914004,13
1778717001.852835516,14
1778717001.960505405,15
1778717002.068303146,16
1778717002.176115935,17
1778717002.283726786,17
1778717002.392393616,18
1778717002.500094411,19
1778717002.607915457,20
1778717002.716635104,20
1778717002.824149178,21
1778717002.935935875,21
1778717003.043807517,22
1778717003.151540733,23
1778717003.259349795,23
1778717003.366906431,24
1778717003.480773187,24
1778717003.590423726,25
1778717003.699496707,26
1778717003.808698468,26
1778717003.916826266,27
1778717004.025193273,27
1778717004.132896162,28
1778717004.240640133,28
1778717004.348317099,28
1778717004.455955965,29
1778717004.563825558,29
1778717004.671579974,30
1778717004.779370585,30
1778717004.887310630,31
1778717004.996727357,31
1778717005.105146750,32
1778717005.214741919,32
1778717005.326124809,32
1778717005.435472190,33
1778717005.544347847,33
1778717005.652654440,34
1778717005.760831611,34
1778717005.871233319,34
1778717005.982758694,35
1778717006.093131228,35
1778717006.201061238,31
1778717006.309157273,24
1778717006.416882740,17
1778717006.524371309,17
1778717006.631710146,18
1778717006.739097653,19
1778717006.846465983,15
1778717006.954605358,9
1778717007.062551614,9
1778717007.170891571,10
1778717007.281395206,11
1778717007.389934060,12
1778717007.497845922,12
1778717007.605770128,13
1778717007.714374490,14
1778717007.822121118,14
1778717007.929742285,15
1778717008.040684116,15
1778717008.155299751,16
1778717008.269226027,16
1778717008.377158758,17
1778717008.484899154,17
1778717008.592804457,18
1778717008.700321337,18
1778717008.807850058,18
1778717008.915946811,19
1778717009.024595090,19
1778717009.132473626,20
1778717009.241309447,20
1778717009.349369604,21
1778717009.457670537,21
1778717009.565666704,22
1778717009.674236219,22
1778717009.782686278,22
1778717009.891585747,23
1778717009.999561649,23
1778717010.107494401,24
1778717010.215683904,24
1778717010.325218725,24
1778717010.433580658,17
1778717010.541667786,12
1778717010.649764080,12
1778717010.757713046,13
1778717010.865675321,13
1778717010.974733160,14
1778717011.082535892,14
1778717011.196490640,15
1778717011.308012335,16
1778717011.437886417,16
1778717011.559059389,17
1778717011.667739004,17
1778717011.776625716,18
1778717011.885289265,18
1778717011.993453867,13
1778717012.101848472,9
1778717012.210672449,10
1778717012.319765891,11
1778717012.427847307,11
1778717012.536145754,12
1778717012.644507916,13
1778717012.757941706,13
1778717012.869658573,14
1778717012.977648770,14
1778717013.085500047,15
1778717013.193791753,15
1778717013.302053154,16
1778717013.411444621,16
1778717013.519566887,17
1778717013.627664143,17
1778717013.737995217,17
1778717013.846129136,18
1778717013.954030511,18
1778717014.061913552,11
1778717014.170175707,9
1778717014.277963138,9
1778717014.386281494,9
1778717014.494399898,11
1778717014.602801676,12
1778717014.711286175,13
1778717014.819879166,14
1778717014.927721789,15
1778717015.038595003,16
1778717015.146829139,17
1778717015.259369802,17
1778717015.368436274,18
1778717015.477675655,19
1778717015.588399992,20
1778717015.696453692,20
1778717015.808256824,21
1778717015.917068372,22
1778717016.026869199,22
1778717016.135524745,23
1778717016.244086399,23
1778717016.352522669,24
1778717016.460803388,24
1778717016.569628782,25
1778717016.678127478,26
1778717016.786750535,26
1778717016.896805460,27
1778717017.006667665,27
1778717017.114877163,28
1778717017.223034654,28
1778717017.331262975,28
1778717017.443688932,29
1778717017.553803383,29
1778717017.661826585,30
1778717017.774586962,30
1778717017.891983682,31
1778717018.005733188,31
1778717018.116759851,32
1778717018.230863256,32
1778717018.341724969,33
1778717018.453525248,33
1778717018.563056430,33
1778717018.673043566,34
1778717018.782702202,34
1778717018.892273960,35
1778717019.001422642,35
1778717019.110612189,35
1778717019.219620691,36
1778717019.337731564,32
1778717019.450363244,25
1778717019.559902265,18
1778717019.668323612,14
1778717019.776549079,9
1778717019.884576179,10
1778717019.992407380,11
1778717020.100876018,11
1778717020.209001035,12
1778717020.317669112,13
1778717020.425961424,13
1778717020.534114142,14
1778717020.642214040,15
1778717020.749985617,15
1778717020.857947814,16
1778717020.967011880,16
1778717021.074972255,17
1778717021.219301695,17
1778717021.344734072,18
1778717021.458023670,18
1778717021.567543218,19
1778717021.675607364,19
1778717021.783977705,20
1778717021.892146556,20
1778717022.000161135,20
1778717022.108472757,17
1778717022.216734460,15
1778717022.325933690,10
1778717022.435806037,10
1778717022.545431751,11
1778717022.654647314,12
1778717022.763950976,13
1778717022.874939637,13
1778717022.983365733,14
1778717023.091471527,14
1778717023.199440887,15
1778717023.307797861,15
1778717023.415865657,16
1778717023.523945530,16
1778717023.631544389,17
1778717023.739362941,17
1778717023.847306420,17
1778717023.958488915,18
1778717024.069480090,18
1778717024.177024565,19
1778717024.285158648,19
1778717024.394246034,20
1778717024.527897442,20
1778717024.648143216,21
1778717024.757542366,21
1778717024.868035282,21
1778717024.977687257,22
1778717025.086704132,17
1778717025.196392825,11
1778717025.307639285,11
1778717025.419538292,12
1778717025.544217190,12
1778717025.656827080,13
1778717025.768711576,13
1778717025.877906328,14
1778717025.988843225,14
1778717026.098948262,15
1778717026.209308562,15
1778717026.318287813,16
1778717026.427037269,16
1778717026.538673091,17
1778717026.648099238,17
1778717026.757047330,18
1778717026.866382130,18
1778717026.977727730,19
1778717027.086965188,19
1778717027.196231282,20
1778717027.306657890,20
1778717027.415381411,21
1778717027.523763602,21
1778717027.631987150,21
1778717027.740553532,22
1778717027.853205856,23
1778717027.963888352,23
1778717028.072215611,24
1778717028.180394645,24
1778717028.288067502,25
1778717028.396026739,25
1778717028.503611666,26
1778717028.611442733,26
1778717028.719105140,27
1778717028.826827381,27
1778717028.934571574,28
1778717029.045631683,28
1778717029.153248156,29
1778717029.260771885,29
1778717029.368489236,30
1778717029.477822989,30
1778717029.585786857,31
1778717029.694064176,31
1778717029.801642461,31
1778717029.912330537,32
1778717030.022360188,32
1778717030.130102423,33
1778717030.237900035,33
1778717030.346314241,34
1778717030.460089136,34
1778717030.572346573,34
1778717030.680798725,35
1778717030.789657855,35
1778717030.897777186,35
1778717031.005624630,29
1778717031.115061728,22
1778717031.225025978,17
1778717031.336822434,17
1778717031.445443986,18
1778717031.553613078,19
1778717031.661919703,20
1778717031.770150392,20
1778717031.878347681,21
1778717031.986430144,22
1778717032.094374702,22
1778717032.202342562,23
1778717032.310542588,23
1778717032.418263539,24
1778717032.525991349,24
1778717032.650436149,25
1778717032.759140397,26
1778717032.872293100,26
1778717032.980320878,27
1778717033.088201845,27
1778717033.196231977,20
1778717033.304171384,13
1778717033.412239310,13
1778717033.520130455,13
1778717033.628942987,14
1778717033.736736323,15
1778717033.844261307,15
1778717033.953137300,16
1778717034.060870108,16
1778717034.168244833,17
1778717034.275954518,17
1778717034.383685891,18
1778717034.492413329,18
1778717034.600141066,19
1778717034.710983845,19
1778717034.819413870,20
1778717034.927320694,20
1778717035.036083255,20
1778717035.144518919,18
1778717035.252312407,15
1778717035.362921314,10
1778717035.474598842,10
1778717035.585002116,11
1778717035.693026850,11
1778717035.804504800,12
1778717035.913208692,13
1778717036.022059150,14
1778717036.134251945,14
1778717036.243878234,15
1778717036.353714570,15
1778717036.462880766,16
1778717036.571783459,16
1778717036.680475968,17
1778717036.789148400,17
1778717036.898815912,17
1778717037.008314115,18
1778717037.116565786,18
1778717037.224686319,19
1778717037.332603536,19
1778717037.440737877,19
1778717037.548856129,20
1778717037.663407415,20
1778717037.777895014,10
1778717037.887120652,10
1778717037.995051233,10
1778717038.103047288,11
1778717038.210791460,12
1778717038.318372782,12
1778717038.426019480,13
1778717038.533421110,13
1778717038.640903079,14
1778717038.748575831,14
1778717038.856991161,15
1778717038.964867551,15
1778717039.072877533,16
1778717039.180563157,16
1778717039.288287779,17
1778717039.397281223,17
1778717039.505104524,18
1778717039.612990651,18
1778717039.721278466,18
1778717039.830399770,19
1778717039.941735212,19
1778717040.054551197,15
1778717040.164071683,12
1778717040.272631588,9
1778717040.385186047,11
1778717040.495653831,12
1778717040.603589765,13
1778717040.711961216,14
1778717040.819897019,15
1778717040.929523571,16
1778717041.037743694,16
1778717041.146801098,17
1778717041.254872937,18
1778717041.362870204,19
1778717041.470760183,19
1778717041.578730705,20
1778717041.686977451,21
1778717041.795965440,21
1778717041.904674615,22
1778717042.015454579,23
1778717042.173825855,23
1778717042.295308180,24
1778717042.423374997,24
1778717042.539365868,25
1778717042.649615597,25
1778717042.759775975,26
1778717042.869578532,26
1778717042.979760557,27
1778717043.089074088,27
1778717043.200036813,28
1778717043.312989216,28
1778717043.423435695,29
1778717043.532438295,29
1778717043.641477756,30
1778717043.750459543,30
1778717043.858881898,31
1778717043.966972724,31
1778717044.075062664,31
1778717044.183093413,32
1778717044.301698474,32
1778717044.415718630,33
1778717044.524028795,33
1778717044.632408938,34
1778717044.744015668,34
1778717044.872007034,35
1778717044.987456791,35
1778717045.106679766,35
1778717045.218532287,29
1778717045.329794004,22
1778717045.462062345,17
1778717045.587759904,17
1778717045.730934183,8
1778717045.844923609,8
1778717045.955836489,9
1778717046.073277454,10
1778717046.199068698,10
1778717046.310828240,11
1778717046.428373858,12
1778717046.547416753,12
1778717046.733502683,13
1778717046.850317241,14
1778717046.963302881,14
1778717047.074652289,15
1778717047.185095824,15
1778717047.295799264,16
1778717047.405456574,16
1778717047.535262470,17
1778717047.645491599,17
1778717047.754692266,18
1778717047.865519626,18
1778717047.974938178,18
1778717048.086648121,19
1778717048.196594873,20
1778717048.307893162,20
1778717048.420982202,21
1778717048.534311873,21
1778717048.654168407,21
1778717048.777985940,22
1778717048.896150028,22
1778717049.009451601,23
1778717049.128855663,23
1778717049.239759787,23
1778717049.350169291,24
1778717049.460386618,20
1778717049.569395580,18
1778717049.691555938,12
1778717049.859685798,12
1778717049.979666375,13
1778717050.097514451,13
1778717050.238208899,14
1778717050.357677058,14
1778717050.467869389,15
1778717050.578430707,15
1778717050.688060465,16
1778717050.797559690,16
1778717050.907045446,17
1778717051.015946498,18
1778717051.124822320,18
1778717051.232985653,19
1778717051.342116675,19
1778717051.450219058,19
1778717051.558981863,20
1778717051.667054813,20
1778717051.775375905,21
1778717051.884607845,21
1778717051.999351542,21
1778717052.128258223,22
1778717052.264954096,16
1778717052.375454901,11
1778717052.488022720,11
1778717052.619748328,11
1778717052.736801063,12
1778717052.891842340,13
1778717053.028212154,13
1778717053.185074795,14
1778717053.299557132,15
1778717053.424463860,15
1778717053.543756150,16
1778717053.653799748,17
1778717053.766442147,18
1778717053.884589786,18
1778717053.999757700,19
1778717054.112178839,20
1778717054.224413370,21
1778717054.333589344,21
1778717054.447826388,22
1778717054.564669012,23
1778717054.687458307,23
1778717054.798910475,24
1778717054.910152506,24
1778717055.020051802,25
1778717055.129820963,25
1778717055.239615977,26
1778717055.374167032,27
1778717055.483437735,27
1778717055.593963826,27
1778717055.704504887,28
1778717055.816917330,28
1778717055.928820654,29
1778717056.037464705,29
1778717056.145852601,30
1778717056.260290647,30
1778717056.370289917,31
1778717056.478785694,31
1778717056.587223751,32
1778717056.697507219,32
1778717056.806740196,32
1778717056.915310540,33
1778717057.025123755,33
1778717057.133252555,34
1778717057.243498359,34
1778717057.352183788,34
1778717057.462606000,35
1778717057.571877271,35
1778717057.680873992,31
1778717057.789625420,25
1778717057.897699990,18
1778717058.006353642,18
1778717058.115079374,19
1778717058.223957327,19
1778717058.332716635,20
1778717058.441433228,21
1778717058.550775918,21
1778717058.661649277,22
1778717058.770304192,23
1778717058.878569871,23
1778717058.986525473,23
1778717059.095902395,19
1778717059.206920381,15
1778717059.315181775,12
1778717059.430352187,12
1778717059.545610369,13
1778717059.663656864,13
1778717059.772987294,14
1778717059.882440514,15
1778717059.992323468,15
1778717060.101119265,16
1778717060.210757491,16
1778717060.319058641,17
1778717060.428401533,17
1778717060.539632334,18
1778717060.650039124,18
1778717060.759732858,19
1778717060.868310265,19
1778717060.978225506,20
1778717061.086714274,20
1778717061.196066227,21
1778717061.307861448,21
1778717061.422542170,21
1778717061.536210985,22
1778717061.659396206,23
1778717061.800174301,23
1778717061.913511790,24
1778717062.026262134,20
1778717062.141830852,14
1778717062.251679672,12
1778717062.361705756,9
1778717062.512097680,6
1778717062.636758093,8
1778717062.762826593,9
1778717062.877533434,9
1778717062.989090862,10
1778717063.125596894,11
1778717063.235982512,12
1778717063.346935485,12
1778717063.459094590,13
1778717063.569380630,13
1778717063.678660439,14
1778717063.787557842,14
1778717063.896108622,15
1778717064.004886336,15
1778717064.113555604,15
1778717064.222619402,16
1778717064.331712548,17
1778717064.440013112,17
1778717064.548810219,18
1778717064.659375425,18
1778717064.772513085,19
1778717064.883958248,19
1778717064.993431210,20
1778717065.105680712,20
1778717065.214807061,21
1778717065.327925579,21
1778717065.437684460,21
1778717065.546744308,17
1778717065.655727944,15
1778717065.764276313,11
1778717065.872789966,11
1778717065.982519986,12
1778717066.095084273,12
1778717066.203763210,13
1778717066.311868079,14
1778717066.419956020,14
1778717066.528057143,15
1778717066.638821527,15
1778717066.749006699,16
1778717066.856650619,17
1778717066.968198609,17
1778717067.078386840,18
1778717067.188115925,19
1778717067.296717737,20
1778717067.404713141,20
1778717067.512706771,21
1778717067.620551895,22
1778717067.728711253,22
1778717067.837128296,23
1778717067.949461205,23
1778717068.060816957,24
1778717068.170073325,24
1778717068.277787935,25
1778717068.386540677,25
1778717068.495551696,26
1778717068.603895201,26
1778717068.711890531,27
1778717068.819989366,28
1778717068.927878062,28
1778717069.035769925,28
1778717069.143629840,29
1778717069.251877061,29
1778717069.363176242,30
1778717069.477626816,30
1778717069.585350136,31
1778717069.693038912,31
1778717069.801395582,32
1778717069.911282755,32
1778717070.019338648,32
1778717070.127046077,33
1778717070.235308716,33
1778717070.343229109,34
1778717070.454262957,34
1778717070.562517469,34
1778717070.671845361,35
1778717070.779870131,35
1778717070.887924018,31
1778717070.995734285,24
1778717071.103571424,17
1778717071.211737700,17
1778717071.319468252,18
1778717071.427170928,19
1778717071.536404033,19
1778717071.645484517,20
1778717071.753626986,21
1778717071.862529902,21
1778717071.970874285,22
1778717072.078687186,22
1778717072.186501991,23
1778717072.294463197,23
1778717072.407544973,23
1778717072.516055312,19
1778717072.630320913,15
1778717072.738498009,12
1778717072.846689056,12
1778717072.955015136,13
1778717073.064323781,13
1778717073.172229799,14
1778717073.280022184,15
1778717073.388082253,15
1778717073.495813079,16
1778717073.603643662,16
1778717073.711898092,17
1778717073.820043600,17
1778717073.928143505,18
1778717074.038133179,18
1778717074.146122644,19
1778717074.254100017,19
1778717074.362032881,20
1778717074.470274558,20
1778717074.578263282,20
1778717074.686294745,21
1778717074.802439882,21
1778717074.910264245,22
1778717075.023953548,23
1778717075.132471847,23
1778717075.241026180,24
1778717075.349696600,24
1778717075.458123295,24
1778717075.566135125,25
1778717075.673943148,25
1778717075.781914246,20
1778717075.890115222,15
1778717076.000830674,12
1778717076.112293700,13
1778717076.220555787,13
1778717076.328755365,14
1778717076.437446599,14
1778717076.545406352,15
1778717076.656683160,15
1778717076.764626888,16
1778717076.872921094,16
1778717076.981171815,17
1778717077.089002957,17
1778717077.197623581,18
1778717077.307619827,18
1778717077.415813481,19
1778717077.523934131,19
1778717077.632043042,20
1778717077.739801695,20
1778717077.847398060,20
1778717077.955050997,21
1778717078.062737000,21
1778717078.170632274,22
1778717078.289669046,22
1778717078.405652588,23
1778717078.513815749,24
1778717078.621424152,24
1778717078.729433540,25
1778717078.838447506,25
1778717078.946478552,26
1778717079.057059030,26
1778717079.164750045,27
1778717079.272570815,27
1778717079.381162406,28
1778717079.489361417,28
1778717079.597459020,22
1778717079.705324470,17
1778717079.814340361,14
1778717079.922223946,14
1778717080.029909921,15
1778717080.138261202,16
1778717080.246432690,16
1778717080.355441649,17
1778717080.468645644,17
1778717080.579097214,18
1778717080.688643919,18
1778717080.804646817,19
1778717080.914493779,19
1778717081.022320240,20
1778717081.130499823,20
1778717081.238488576,21
1778717081.346721968,21
1778717081.454470722,21
1778717081.562415764,22
1778717081.671054078,22
1778717081.778906956,18
1778717081.886711135,17
1778717081.994792648,11
1778717082.103370120,11
1778717082.215015197,12
1778717082.323949647,13
1778717082.431903295,14
1778717082.544307932,15
1778717082.653284147,16
1778717082.761792057,17
1778717082.871014623,17
1778717082.979434296,18
1778717083.087915555,19
1778717083.199552834,20
1778717083.310925008,20
1778717083.418823358,21
1778717083.526316656,21
1778717083.636454235,22
1778717083.744369339,23
1778717083.856002819,23
1778717083.965310085,24
1778717084.073738415,24
1778717084.182172246,25
1778717084.290169691,25
1778717084.399205042,26
1778717084.507073694,27
1778717084.614797783,27
1778717084.722561688,27
1778717084.831222282,28
1778717084.938988180,28
1778717085.047333345,29
1778717085.154842668,29
1778717085.263324917,30
1778717085.371113058,30
1778717085.479103037,31
1778717085.586802120,31
1778717085.694787841,32
1778717085.803188092,32
1778717085.920212274,32
1778717086.031936023,33
1778717086.141482943,33
1778717086.249483183,34
1778717086.357430353,34
1778717086.465881158,34
1778717086.573678266,35
1778717086.681811385,35
1778717086.789579067,35
1778717086.897447616,28
1778717087.005674487,21
1778717087.113726429,18
1778717087.222622696,18
1778717087.332227304,19
1778717087.441014812,20
1778717087.551674131,20
1778717087.659530393,21
1778717087.767439115,21
1778717087.875263566,22
1778717087.982909017,22
1778717088.090840367,23
1778717088.198936129,23
1778717088.307600923,24
1778717088.416549716,24
1778717088.524385221,24
1778717088.632108428,25
1778717088.744322854,25
1778717088.851982031,26
1778717088.959626578,26
1778717089.091449862,26
1778717089.222920922,27
1778717089.332143366,27
1778717089.440263000,28
1778717089.550454246,28
1778717089.658359678,29
1778717089.768215521,29
1778717089.875911745,26
1778717089.984338716,19
1778717090.092194279,14
1778717090.200865130,14
1778717090.313915446,15
1778717090.425642818,16
1778717090.534121395,17
1778717090.641912366,17
1778717090.750428083,18
1778717090.858332321,18
1778717090.966338434,19
1778717091.074006480,19
1778717091.182607646,20
1778717091.290180364,20
1778717091.399711880,21
1778717091.507484918,21
1778717091.615580427,22
1778717091.723161915,22
1778717091.831340589,22
1778717091.939209156,23
1778717092.049854169,23
1778717092.157558956,24
1778717092.267986409,24
1778717092.376061919,25
1778717092.484539212,25
1778717092.598136379,20
1778717092.706130310,18
1778717092.814485565,12
1778717092.928801855,12
1778717093.036799788,13
1778717093.145866280,14
1778717093.256285736,14
1778717093.364592540,15
1778717093.473139446,16
1778717093.581965767,16
1778717093.689688866,16
1778717093.797675356,17
1778717093.905532176,17
1778717094.013322154,18
1778717094.121140119,18
1778717094.228909797,19
1778717094.336620409,19
1778717094.444930218,20
1778717094.553835449,20
1778717094.665653575,21
1778717094.773547762,21
1778717094.882144225,21
1778717094.989816308,19
1778717095.098431390,16
1778717095.206227216,11
1778717095.314604682,12
1778717095.434746939,12
1778717095.554309751,13
1778717095.663633321,13
1778717095.772696687,14
1778717095.881788594,14
1778717095.990084901,15
1778717096.098367539,15
1778717096.206780185,16
1778717096.315054433,16
1778717096.423135305,17
1778717096.531183192,17
1778717096.638980443,17
1778717096.746907476,18
1778717096.854757929,18
1778717096.962732447,19
1778717097.070554219,19
1778717097.183064479,19
1778717097.295817454,20
1778717097.404483747,16
1778717097.512391901,10
1778717097.623353781,11
1778717097.733221444,12
1778717097.844838807,13
1778717097.954612234,14
1778717098.063325375,15
1778717098.171542415,16
1778717098.279384505,17
1778717098.386975156,17
1778717098.495073875,18
1778717098.602751308,19
1778717098.710868397,19
1778717098.818518347,20
1778717098.926307070,21
1778717099.034274687,21
1778717099.142258571,22
1778717099.250401869,23
1778717099.360119210,23
1778717099.471166807,24
1778717099.579693413,24
1778717099.687390885,25
1778717099.794906049,25
1778717099.902943131,26
1778717100.010841303,26
1778717100.122092464,27
1778717100.232538852,27
1778717100.346497534,28
1778717100.455176114,28
1778717100.563819527,29
1778717100.671724293,29
1778717100.780822284,30
1778717100.888758849,30
1778717100.996695124,31
1778717101.104422732,31
1778717101.212738218,31
1778717101.320576498,32
1778717101.428701677,32
1778717101.536519196,33
1778717101.647112563,33
1778717101.754917984,34
1778717101.863140071,34
1778717101.970772656,34
1778717102.078630632,35
1778717102.186310923,35
1778717102.294349041,35
1778717102.402365249,27
1778717102.510369114,20
1778717102.618433962,17
1778717102.726829340,18
1778717102.834642584,18
1778717102.946423033,19
1778717103.053847824,20
1778717103.161416980,20
1778717103.268979162,21
1778717103.376588369,21
1778717103.487219555,22
1778717103.595716242,22
1778717103.703784991,23
1778717103.811870140,23
1778717103.920004977,24
1778717104.027919684,24
1778717104.136240332,24
1778717104.243738927,25
1778717104.351220323,25
1778717104.458820054,26
1778717104.567992352,26
1778717104.676324976,26
1778717104.784155808,20
1778717104.893225492,15
1778717105.000950469,13
1778717105.110042965,13
1778717105.218058037,14
1778717105.326339617,14
1778717105.434070152,15
1778717105.546413502,15
1778717105.656469425,16
1778717105.764722844,16
1778717105.872680572,17
1778717105.980550852,17
1778717106.092237860,18
1778717106.200445957,18
1778717106.308318511,19
1778717106.416247596,20
1778717106.524061087,20
1778717106.631691822,20
1778717106.740182372,21
1778717106.849168332,21
1778717106.957158004,22
1778717107.065247613,22
1778717107.173171302,14
1778717107.280920384,14
1778717107.388734654,11
1778717107.498376415,11
1778717107.606357280,12
1778717107.714583683,12
1778717107.822818197,13
1778717107.951283255,13
1778717108.060158410,14
1778717108.168561483,14
1778717108.277101832,15
1778717108.385291390,15
1778717108.495860095,15
1778717108.604093579,16
1778717108.716954028,17
1778717108.826009427,17
1778717108.934289360,18
1778717109.043383572,18
1778717109.151816318,19
1778717109.260562717,19
1778717109.368770539,20
1778717109.477894976,20
1778717109.586055360,20
1778717109.694510461,21
1778717109.802384773,21
1778717109.911137183,22
1778717110.019490082,22
1778717110.131251674,13
1778717110.243611028,11
1778717110.351579070,11
1778717110.460147924,12
1778717110.569582408,12
1778717110.678363453,13
1778717110.786822211,13
1778717110.895272194,14
1778717111.003195927,15
1778717111.112202660,15
1778717111.220608843,16
1778717111.328844970,17
1778717111.437090265,18
1778717111.545075680,19
1778717111.653681752,19
1778717111.762072632,20
1778717111.870259861,21
1778717111.978687487,21
1778717112.086991026,22
1778717112.195924951,22
1778717112.306597462,23
1778717112.415582641,24
1778717112.524426084,24
1778717112.633146308,25
1778717112.741683544,25
1778717112.850901696,26
1778717112.959367105,26
1778717113.073138882,27
1778717113.182678254,27
1778717113.291155819,28
1778717113.399258513,28
1778717113.508779703,29
1778717113.617027833,29
1778717113.726576494,30
1778717113.837129914,30
1778717113.945371512,31
1778717114.053823030,31
1778717114.162310702,31
1778717114.271058494,32
1778717114.383455137,32
1778717114.492754957,33
1778717114.601250843,33
1778717114.709987845,33
1778717114.818066879,34
1778717114.927144878,34
1778717115.047305606,35
1778717115.170297735,35
1778717115.289778873,36
1778717115.403645834,28
1778717115.524630196,21
1778717115.640712478,18
1778717115.752118868,19
1778717115.862814023,19
1778717115.973399275,20
1778717116.083878705,21
1778717116.193554015,21
1778717116.303281805,22
1778717116.414826863,23
1778717116.525875339,23
1778717116.635428331,23
1778717116.747766657,18
1778717116.861149027,13
1778717116.970722406,11
1778717117.079431481,11
1778717117.188197378,12
1778717117.296825025,12
1778717117.405346777,13
1778717117.518585846,13
1778717117.630732481,14
1778717117.739723753,14
1778717117.848180740,15
1778717117.957376340,15
1778717118.065483736,16
1778717118.174059604,16
1778717118.283849706,16
1778717118.392648886,17
1778717118.500201596,17
1778717118.607989502,18
1778717118.715847531,19
1778717118.823919967,19
1778717118.932032601,19
1778717119.040310779,20
1778717119.150207279,20
1778717119.259043788,21
1778717119.366994909,21
1778717119.474933934,22
1778717119.582635825,22
1778717119.690519804,22
1778717119.798574824,15
1778717119.906437396,15
1778717120.014341879,11
1778717120.123002465,11
1778717120.236984523,12
1778717120.345180582,12
1778717120.453550191,13
1778717120.561954776,13
1778717120.669918401,14
1778717120.777869985,15
1778717120.890947761,15
1778717120.999190674,16
1778717121.107845345,16
1778717121.216036770,17
1778717121.324505343,18
1778717121.433015775,18
1778717121.541519683,19
1778717121.649682318,19
1778717121.758020774,20
1778717121.865890519,20
1778717121.974104453,21
1778717122.082238210,21
1778717122.191569819,21
1778717122.299704850,22
1778717122.409909287,22
1778717122.518289422,23
1778717122.630419259,23
1778717122.739209845,24
1778717122.847823441,24
1778717122.955788781,24
1778717123.064029072,25
1778717123.178113897,25
1778717123.286059812,26
1778717123.393952032,26
1778717123.502243409,26
1778717123.609947492,27
1778717123.717561873,27
1778717123.825641715,27
1778717123.933509093,28
1778717124.041264183,23
1778717124.148936969,18
1778717124.257399593,14
1778717124.367302668,14
1778717124.475280441,15
1778717124.583205436,16
1778717124.691011382,16
1778717124.798701695,17
1778717124.906440115,17
1778717125.018455188,18
1778717125.129169803,19
1778717125.240966582,19
1778717125.361491719,20
1778717125.481418213,21
1778717125.590770206,21
1778717125.699770377,22
1778717125.808415546,22
1778717125.917155208,23
1778717126.025456698,24
1778717126.134165350,24
1778717126.242665372,25
1778717126.351189197,25
1778717126.461385050,26
1778717126.573595836,26
1778717126.682140550,27
1778717126.794641868,27
1778717126.907318339,28
1778717127.015489135,28
1778717127.123870837,29
1778717127.232729146,29
1778717127.341036179,30
1778717127.449289273,30
1778717127.558287823,31
1778717127.666313472,31
1778717127.774563352,31
1778717127.882327010,32
1778717127.990324756,32
1778717128.098530230,33
1778717128.206480023,33
1778717128.314823261,33
1778717128.423095432,34
1778717128.531004644,34
1778717128.639758369,35
1778717128.751164781,35
1778717128.878086226,36
1778717128.987238210,28
1778717129.096254031,22
1778717129.210125187,18
1778717129.320482415,18
1778717129.428758418,19
1778717129.538352609,20
1778717129.646624599,21
1778717129.756676962,21
1778717129.864925724,22
1778717129.973765467,22
1778717130.081999271,23
1778717130.190670024,24
1778717130.299012565,24
1778717130.409391250,25
1778717130.518534521,25
1778717130.626759043,25
1778717130.735195426,16
1778717130.843708972,12
1778717130.954497211,12
1778717131.064980545,13
1778717131.174173276,13
1778717131.284091875,14
1778717131.392815783,15
1778717131.501902911,15
1778717131.609939215,16
1778717131.717826934,16
1778717131.830740818,17
1778717131.944259562,17
1778717132.052657579,18
1778717132.160635792,18
1778717132.268819608,19
1778717132.376644699,19
1778717132.485515808,20
1778717132.593506496,20
1778717132.702378556,20
1778717132.810187167,21
1778717132.918437076,21
1778717133.026788270,15
1778717133.135199749,14
1778717133.243808020,10
1778717133.352784788,11
1778717133.460909421,11
1778717133.570900170,12
1778717133.678765538,13
1778717133.787129140,13
1778717133.895319018,14
1778717134.026950048,14
1778717134.171770164,15
1778717134.294199295,15
1778717134.404127400,16
1778717134.512888170,16
1778717134.622278876,16
1778717134.731545135,17
1778717134.839910803,17
1778717134.948632190,18
1778717135.056907787,18
1778717135.166347974,18
1778717135.275694649,19
1778717135.385243616,19
1778717135.494244081,20
1778717135.602631238,20
1778717135.711047603,21
1778717135.819717154,21
1778717135.927958972,22
1778717136.036351508,22
1778717136.144211362,23
1778717136.253015470,23
1778717136.361597482,23
1778717136.474476688,19
1778717136.582995555,12
1778717136.691420996,12
1778717136.800767238,12
1778717136.910987404,12
1778717137.020946538,13
1778717137.133563868,13
1778717137.242184591,14
1778717137.352282107,14
1778717137.461241677,15
1778717137.571559008,15
1778717137.680017971,16
1778717137.788586309,16
1778717137.897320467,16
1778717138.005682785,17
1778717138.113962454,18
1778717138.222820874,19
1778717138.331268784,19
1778717138.439636146,20
1778717138.548156205,21
1778717138.656543930,21
1778717138.768851824,22
1778717138.876642659,23
1778717138.984735549,23
1778717139.092657093,24
1778717139.201808685,24
1778717139.309497962,25
1778717139.417776308,25
1778717139.526213207,26
1778717139.635312373,26
1778717139.745466448,27
1778717139.853652843,27
1778717139.961818023,28
1778717140.070068077,28
1778717140.178212920,29
1778717140.286475401,29
1778717140.394368422,30
1778717140.502962480,30
1778717140.611177243,31
1778717140.720558772,31
1778717140.831181913,31
1778717140.939458900,32
1778717141.047942468,32
1778717141.155935851,33
1778717141.267398092,33
1778717141.375420480,34
1778717141.483520357,34
1778717141.592073934,34
1778717141.701255637,35
1778717141.811105811,35
1778717141.921485829,35
1778717142.030134540,33
1778717142.138305306,27
1778717142.246867912,20
1778717142.354870068,18
1778717142.463474299,19
1778717142.572888267,19
1778717142.681551286,20
1778717142.790388136,21
1778717142.902831381,21
1778717143.012286553,22
1778717143.120792140,23
1778717143.229043599,23
1778717143.337195241,23
1778717143.446286547,24
1778717143.554289019,24
1778717143.669103076,20
1778717143.786400842,19
1778717143.896233987,12
1778717144.006269972,12
1778717144.115051972,12
1778717144.223443365,12
1778717144.331613026,13
1778717144.439572696,14
1778717144.547457798,14
1778717144.655132181,15
1778717144.763497235,16
1778717144.871444077,16
1778717144.979603735,17
1778717145.087610996,17
1778717145.196648167,18
1778717145.306873366,18
1778717145.415404454,19
1778717145.523548251,19
1778717145.631964382,20
1778717145.739844330,20
1778717145.850525428,21
1778717145.958701049,21
1778717146.067222834,22
1778717146.175794354,22
1778717146.284244811,23
1778717146.398347841,23
1778717146.506680810,23
1778717146.614420327,21
1778717146.722172076,19
1778717146.829915326,12
1778717146.937686764,12
1778717147.045704298,12
1778717147.160722279,13
1778717147.269148003,14
1778717147.377262681,14
1778717147.485475577,15
1778717147.593706639,15
1778717147.701715319,16
1778717147.810028165,16
1778717147.917709336,17
1778717148.025477063,17
1778717148.136320349,18
1778717148.244802176,18
1778717148.352723618,19
1778717148.460672111,19
1778717148.568673558,19
1778717148.676810029,20
1778717148.784666035,21
1778717148.896686314,21
1778717149.004531069,22
1778717149.113814456,22
1778717149.221575698,23
1778717149.329846560,24
1778717149.437965981,24
1778717149.546055698,25
1778717149.654458438,25
1778717149.763130670,26
1778717149.871288647,26
1778717149.980777215,21
1778717150.088959824,18
1778717150.198132162,13
1778717150.307843375,13
1778717150.417465648,14
1778717150.526750273,15
1778717150.643298012,15
1778717150.752367756,16
1778717150.863367765,16
1778717150.971821687,17
1778717151.080856039,17
1778717151.188973245,18
1778717151.297855958,19
1778717151.408318010,19
1778717151.524082198,19
1778717151.636029814,20
1778717151.743865819,20
1778717151.852598356,21
1778717151.960825616,21
1778717152.068666278,21
1778717152.176501038,22
1778717152.284372264,22
1778717152.392654017,23
1778717152.500889588,23
1778717152.623325707,23
1778717152.732927764,18
1778717152.841225674,11
1778717152.949469354,12
1778717153.057573161,13
1778717153.165568645,14
1778717153.274812303,15
1778717153.382605017,16
1778717153.490928847,16
1778717153.598964955,17
1778717153.707050721,18
1778717153.815847662,19
1778717153.923877411,19
1778717154.038542546,20
1778717154.147924067,21
1778717154.255553900,21
1778717154.363500413,22
1778717154.472843386,23
1778717154.581294450,23
1778717154.689283255,24
1778717154.797919757,24
1778717154.905794047,25
1778717155.014057144,25
1778717155.121937631,26
1778717155.230176697,26
1778717155.338006950,27
1778717155.448099815,27
1778717155.558917904,28
1778717155.667880385,28
1778717155.776062707,29
1778717155.902492719,29
1778717156.011933496,30
1778717156.126760344,30
1778717156.238961295,31
1778717156.350137509,31
1778717156.459191511,32
1778717156.567450671,32
1778717156.675383867,32
1778717156.783418283,33
1778717156.891288492,33
1778717156.999385205,34
1778717157.107737277,34
1778717157.215621175,34
1778717157.323753744,35
1778717157.432956487,35
1778717157.542030812,36
1778717157.651655638,28
1778717157.760330069,21
1778717157.868995506,18
1778717157.979289134,18
1778717158.094553362,19
1778717158.209548148,20
1778717158.324449392,20
1778717158.432826105,21
1778717158.540918072,21
1778717158.648785800,22
1778717158.756716515,22
1778717158.864641840,23
1778717158.972796394,23
1778717159.082599359,24
1778717159.190243387,24
1778717159.298011716,24
1778717159.408669213,25
1778717159.516446562,25
1778717159.624450785,26
1778717159.732819925,26
1778717159.840826735,26
1778717159.953425327,27
1778717160.070261675,21
1778717160.178914505,19
1778717160.286817412,13
1778717160.395825889,13
1778717160.526064836,14
1778717160.637554016,15
1778717160.746952527,15
1778717160.856447714,16
1778717160.968020121,17
1778717161.077236895,17
1778717161.185636232,18
1778717161.293689684,18
1778717161.401528136,19
1778717161.509896746,19
1778717161.618683112,20
1778717161.728466432,20
1778717161.836638472,21
1778717161.944938823,21
1778717162.052832310,22
1778717162.162483293,22
1778717162.270824370,23
1778717162.378636683,23
1778717162.486463831,24
1778717162.596499939,24
1778717162.704668295,24
1778717162.818423866,21
1778717162.927085172,14
1778717163.037616292,12
1778717163.145103770,12
1778717163.252516857,13
1778717163.360194160,14
1778717163.468047394,14
1778717163.575735945,15
1778717163.683549009,15
1778717163.791310008,16
1778717163.899910361,16
1778717164.008004357,17
1778717164.115804644,17
1778717164.223471958,18
1778717164.331045672,18
1778717164.438780487,19
1778717164.546207707,19
1778717164.653725540,19
1778717164.766864130,20
1778717164.874813567,20
1778717164.983487324,21
1778717165.092962642,22
1778717165.204004905,22
1778717165.315945223,23
1778717165.424608026,23
1778717165.532430516,23
1778717165.640476243,17
1778717165.759010847,17
1778717165.868051577,11
1778717165.977085736,11
1778717166.085073626,11
1778717166.198623146,11
1778717166.310413820,12
1778717166.419311870,13
1778717166.530666240,13
1778717166.641268002,14
1778717166.767123860,14
1778717166.886558625,15
1778717166.999158601,15
1778717167.112160901,15
1778717167.222687592,16
1778717167.332446805,17
1778717167.442120596,18
1778717167.550845933,18
1778717167.661856860,19
1778717167.771590869,20
1778717167.881711072,20
1778717167.992724753,21
1778717168.102011011,22
1778717168.211376576,22
1778717168.320333697,23
1778717168.428764875,24
1778717168.537045509,24
1778717168.645001743,25
1778717168.752898618,25
1778717168.860527836,26
1778717168.968443028,26
1778717169.077669962,27
1778717169.191604527,27
1778717169.301831753,28
1778717169.411332177,28
1778717169.519144890,29
1778717169.626594552,29
1778717169.734186503,30
1778717169.842016997,30
1778717169.950012568,30
1778717170.057935416,31
1778717170.165744804,31
1778717170.274423104,32
1778717170.382611605,32
1778717170.493546299,33
1778717170.601736652,33
1778717170.709613719,33
1778717170.817854776,34
1778717170.927104289,34
1778717171.039248591,35
1778717171.150437559,35
1778717171.259871605,35
1778717171.367854793,29
1778717171.476368817,23
1778717171.594277327,17
1778717171.704854078,17
1778717171.813530178,18
1778717171.922050207,19
1778717172.030497452,20
1778717172.139594385,20
1778717172.259697188,21
1778717172.368317037,22
1778717172.477262810,22
1778717172.589228343,23
1778717172.697774225,23
1778717172.807033696,18
1778717172.915753082,17
1778717173.024265617,11
1778717173.132669567,11
1778717173.240760913,12
1778717173.348939797,12
1778717173.459468279,13
1778717173.580489198,13
1778717173.690636917,14
1778717173.799750788,14
1778717173.908499481,15
1778717174.016611570,15
1778717174.124864437,15
1778717174.232613619,16
1778717174.341026789,16
1778717174.448723743,17
1778717174.556549520,17
1778717174.664720522,18
1778717174.772881978,18
1778717174.881135401,19
1778717174.989235127,19
1778717175.097096998,20
1778717175.205499441,20
1778717175.313036364,21
1778717175.422013935,21
1778717175.529805129,21
