1778713811.653165,0
1778713811.763191,0
1778713811.874343,0
1778713811.978909,0
1778713812.082912,0
1778713812.186836,0
1778713812.290726,0
1778713812.395269,0
1778713812.499131,0
1778713812.607212,0
1778713812.717639,0
1778713812.821436,9
1778713812.927408,16
1778713813.033066,19
1778713813.136980,19
1778713813.240834,19
1778713813.345049,20
1778713813.451264,19
1778713813.555116,19
1778713813.660434,19
1778713813.764454,18
1778713813.868331,18
1778713813.972167,19
1778713814.077284,20
1778713814.185282,18
1778713814.292792,18
1778713814.397858,13
1778713814.501940,7
1778713814.606454,6
1778713814.712155,6
1778713814.816384,8
1778713814.920830,7
1778713815.025306,8
1778713815.129905,10
1778713815.233570,10
1778713815.338151,10
1778713815.442541,8
1778713815.546289,10
1778713815.654036,10
1778713815.758907,9
1778713815.863880,10
1778713815.968752,12
1778713816.073451,10
1778713816.181209,10
1778713816.289615,11
1778713816.395131,11
1778713816.499861,11
1778713816.607244,12
1778713816.712192,12
1778713816.818874,12
1778713816.922918,12
1778713817.029241,12
1778713817.133086,12
1778713817.236933,13
1778713817.341518,14
1778713817.445592,14
1778713817.556634,15
1778713817.661164,15
1778713817.765025,15
1778713817.868873,16
1778713817.973171,16
1778713818.077195,16
1778713818.185291,17
1778713818.290835,16
1778713818.395203,16
1778713818.498871,16
1778713818.606566,17
1778713818.710321,17
1778713818.815038,17
1778713818.918919,17
1778713819.023611,18
1778713819.127877,18
1778713819.231769,18
1778713819.335724,18
1778713819.440083,18
1778713819.544788,18
1778713819.648884,18
1778713819.752633,18
1778713819.857066,19
1778713819.961630,17
1778713820.065575,18
1778713820.170358,16
1778713820.277476,14
1778713820.381683,15
1778713820.485917,14
1778713820.591298,16
1778713820.697384,17
1778713820.802001,15
1778713820.906607,15
1778713821.011336,15
1778713821.115840,17
1778713821.220380,16
1778713821.325063,19
1778713821.430251,17
1778713821.534513,17
1778713821.639053,18
1778713821.743531,16
1778713821.847573,13
1778713821.951354,13
1778713822.056302,15
1778713822.163592,13
1778713822.267768,16
1778713822.371774,16
1778713822.476121,17
1778713822.579898,16
1778713822.683789,16
1778713822.787649,17
1778713822.891546,17
1778713822.995403,18
1778713823.099213,19
1778713823.203150,17
1778713823.307493,17
1778713823.411237,18
1778713823.515203,19
1778713823.619217,18
1778713823.725565,17
1778713823.829983,17
1778713823.934193,18
1778713824.038168,16
1778713824.148307,13
1778713824.255527,13
1778713824.360136,12
1778713824.463989,20
1778713824.568019,18
1778713824.672747,20
1778713824.776627,18
1778713824.880772,19
1778713824.984569,17
1778713825.088807,17
1778713825.192812,16
1778713825.296560,13
1778713825.400172,12
1778713825.503819,12
1778713825.609270,12
1778713825.712977,11
1778713825.816482,13
1778713825.920638,14
1778713826.024439,12
1778713826.127972,16
1778713826.231426,9
1778713826.335526,6
1778713826.439730,6
1778713826.543330,10
1778713826.646881,13
1778713826.754517,13
1778713826.858961,13
1778713826.962874,15
1778713827.066635,14
1778713827.170462,13
1778713827.282286,15
1778713827.385884,16
1778713827.490185,16
1778713827.593987,18
1778713827.697700,18
1778713827.801613,18
1778713827.905407,19
1778713828.009400,19
1778713828.113194,19
1778713828.217003,19
1778713828.321054,18
1778713828.426608,18
1778713828.531207,19
1778713828.635153,14
1778713828.744787,9
1778713828.851142,5
1778713828.956472,6
1778713829.061504,6
1778713829.165745,6
1778713829.269742,6
1778713829.374284,7
1778713829.478360,8
1778713829.582427,7
1778713829.686510,8
1778713829.790555,9
1778713829.894578,9
1778713829.998444,9
1778713830.102465,10
1778713830.206555,10
1778713830.310308,9
1778713830.413894,10
1778713830.520534,11
1778713830.625677,11
1778713830.731753,11
1778713830.836277,12
1778713830.967704,13
1778713831.079715,13
1778713831.184057,13
1778713831.288490,14
1778713831.393132,14
1778713831.497432,14
1778713831.602599,14
1778713831.708131,14
1778713831.816683,14
1778713831.924096,15
1778713832.028422,15
1778713832.133632,15
1778713832.238508,15
1778713832.344488,16
1778713832.448419,16
1778713832.553102,16
1778713832.657691,16
1778713832.761712,19
1778713832.865652,18
1778713832.970294,18
1778713833.074421,18
1778713833.178095,18
1778713833.283124,18
1778713833.397002,19
1778713833.502879,19
1778713833.609550,19
1778713833.714128,19
1778713833.825685,19
1778713833.931259,19
1778713834.038257,19
1778713834.142263,18
1778713834.246139,18
1778713834.350182,17
1778713834.460016,13
1778713834.564489,13
1778713834.669048,13
1778713834.773212,14
1778713834.882586,15
1778713834.986730,15
1778713835.090620,13
1778713835.195444,14
1778713835.299387,14
1778713835.404514,16
1778713835.509134,17
1778713835.632351,19
1778713835.756299,17
1778713835.860444,20
1778713835.967399,19
1778713836.074163,16
1778713836.178712,15
1778713836.283605,14
1778713836.388962,13
1778713836.492734,14
1778713836.596766,13
1778713836.701170,15
1778713836.806463,15
1778713836.913009,16
1778713837.017466,16
1778713837.123880,17
1778713837.229373,15
1778713837.333506,17
1778713837.439446,17
1778713837.546342,16
1778713837.653440,16
1778713837.757692,18
1778713837.862413,18
1778713837.980835,18
1778713838.084951,17
1778713838.189363,15
1778713838.293484,14
1778713838.397579,13
1778713838.503557,12
1778713838.625011,19
1778713838.729574,17
1778713838.835354,18
1778713838.939661,19
1778713839.043703,18
1778713839.147643,19
1778713839.254033,20
1778713839.358234,19
1778713839.462266,18
1778713839.565925,18
1778713839.672640,17
1778713839.777429,17
1778713839.881328,15
1778713839.987294,14
1778713840.091287,14
1778713840.195134,16
1778713840.299214,16
1778713840.403911,17
1778713840.507789,17
1778713840.611775,17
1778713840.719818,18
1778713840.835865,18
1778713840.967760,18
1778713841.072879,18
1778713841.212425,17
1778713841.336417,17
1778713841.448461,13
1778713841.564584,13
1778713841.673249,10
1778713841.802832,15
1778713841.907987,12
1778713842.014035,15
1778713842.120073,13
1778713842.226648,15
1778713842.331053,13
1778713842.435526,14
1778713842.539549,13
1778713842.643748,15
1778713842.749119,15
1778713842.853558,14
1778713842.959440,15
1778713843.069478,15
1778713843.179595,16
1778713843.288352,16
1778713843.392169,17
1778713843.496006,18
1778713843.600243,19
1778713843.704343,17
1778713843.808281,13
1778713843.912229,14
1778713844.016561,10
1778713844.120397,8
1778713844.224377,9
1778713844.328307,11
1778713844.432117,10
1778713844.537022,10
1778713844.674505,8
1778713844.778784,11
1778713844.884215,10
1778713844.988970,11
1778713845.093424,12
1778713845.197362,12
1778713845.302732,12
1778713845.407666,13
1778713845.511636,13
1778713845.619967,14
1778713845.725471,14
1778713845.829389,15
1778713845.934643,15
1778713846.039767,15
1778713846.144306,15
1778713846.248940,15
1778713846.353927,15
1778713846.458682,16
1778713846.562725,16
1778713846.667528,16
1778713846.772552,16
1778713846.876810,17
1778713846.983533,17
1778713847.092314,18
1778713847.196874,17
1778713847.302068,19
1778713847.409618,18
1778713847.513576,19
1778713847.617606,18
1778713847.722735,18
1778713847.826942,19
1778713847.931141,19
1778713848.037294,19
1778713848.141566,18
1778713848.245624,14
1778713848.349834,16
1778713848.453712,14
1778713848.557393,13
1778713848.661770,15
1778713848.765793,15
1778713848.869853,15
1778713848.976647,18
1778713849.080893,16
1778713849.185445,19
1778713849.289536,18
1778713849.396195,17
1778713849.503917,18
1778713849.607934,17
1778713849.711805,18
1778713849.816189,18
1778713849.920562,19
1778713850.024513,19
1778713850.128507,19
1778713850.233519,19
1778713850.337754,15
1778713850.441456,13
1778713850.545359,13
1778713850.651201,15
1778713850.755537,14
1778713850.859506,16
1778713850.963625,17
1778713851.067748,15
1778713851.172046,17
1778713851.275878,16
1778713851.380001,17
1778713851.484286,17
1778713851.588331,18
1778713851.694126,17
1778713851.800970,18
1778713851.904989,18
1778713852.008724,19
1778713852.113549,19
1778713852.218513,17
1778713852.322378,18
1778713852.426713,18
1778713852.531330,19
1778713852.638176,18
1778713852.742352,19
1778713852.846563,15
1778713852.951013,13
1778713853.056127,8
1778713853.161431,10
1778713853.265516,14
1778713853.369430,15
1778713853.473526,15
1778713853.577714,18
1778713853.682479,17
1778713853.786424,18
1778713853.890309,16
1778713853.994098,18
1778713854.101252,18
1778713854.207964,18
1778713854.311922,18
1778713854.415921,16
1778713854.520033,18
1778713854.623954,19
1778713854.727998,19
1778713854.851348,17
1778713854.955427,18
1778713855.059334,18
1778713855.163327,17
1778713855.267106,15
1778713855.370889,12
1778713855.474748,9
1778713855.578691,12
1778713855.682875,12
1778713855.786731,12
1778713855.890514,14
1778713855.994532,14
1778713856.104535,13
1778713856.221550,13
1778713856.325734,15
1778713856.430269,15
1778713856.535551,17
1778713856.639920,17
1778713856.744023,16
1778713856.849087,16
1778713856.953051,17
1778713857.057111,18
1778713857.161362,18
1778713857.267417,18
1778713857.371344,18
1778713857.474969,14
1778713857.579850,9
1778713857.687205,5
1778713857.790982,7
1778713857.894894,7
1778713857.998827,6
1778713858.102658,7
1778713858.206515,7
1778713858.310394,8
1778713858.414593,8
1778713858.518281,8
1778713858.622148,8
1778713858.726281,8
1778713858.830567,8
1778713858.934184,9
1778713859.038143,9
1778713859.142058,10
1778713859.246046,9
1778713859.349772,10
1778713859.453306,11
1778713859.556894,12
1778713859.660872,12
1778713859.765012,12
1778713859.868554,14
1778713859.972462,13
1778713860.077422,13
1778713860.181105,14
1778713860.284827,14
1778713860.388382,15
1778713860.492299,14
1778713860.596093,14
1778713860.699857,14
1778713860.803640,14
1778713860.907458,15
1778713861.011226,15
1778713861.115262,16
1778713861.218885,16
1778713861.322455,16
1778713861.426213,16
1778713861.530142,16
1778713861.637090,17
1778713861.740695,17
1778713861.844474,17
1778713861.948309,17
1778713862.053151,17
1778713862.157000,17
1778713862.260759,17
1778713862.364960,18
1778713862.468604,18
1778713862.573546,19
1778713862.681439,18
1778713862.785234,18
1778713862.889110,18
1778713862.992976,19
1778713863.097314,17
1778713863.200979,14
1778713863.304723,15
1778713863.408552,17
1778713863.512383,17
1778713863.616096,17
1778713863.720027,16
1778713863.823842,17
1778713863.928218,16
1778713864.031945,19
1778713864.135762,18
1778713864.239522,19
1778713864.344369,17
1778713864.448131,19
1778713864.551922,17
1778713864.656040,15
1778713864.759882,13
1778713864.863579,14
1778713864.967058,14
1778713865.071301,15
1778713865.179835,14
1778713865.285380,15
1778713865.389161,18
1778713865.493589,18
1778713865.597502,19
1778713865.701460,16
1778713865.805652,17
1778713865.909715,16
1778713866.013515,18
1778713866.117245,19
1778713866.220872,18
1778713866.324583,17
1778713866.428377,17
1778713866.532160,17
1778713866.637460,16
1778713866.741389,15
1778713866.845407,17
1778713866.949263,17
1778713867.052775,16
1778713867.156713,18
1778713867.260653,14
1778713867.365237,15
1778713867.468776,15
1778713867.572417,19
1778713867.676129,18
1778713867.780364,19
1778713867.889754,19
1778713867.995600,19
1778713868.099610,18
1778713868.203534,15
1778713868.307469,17
1778713868.412018,15
1778713868.515875,16
1778713868.619829,16
1778713868.723837,16
1778713868.828344,17
1778713868.932360,16
1778713869.042480,17
1778713869.146705,17
1778713869.250503,18
1778713869.354295,18
1778713869.458310,17
1778713869.562659,18
1778713869.666839,18
1778713869.770899,12
1778713869.874922,12
1778713869.980100,10
1778713870.084440,17
1778713870.188378,16
1778713870.293686,16
1778713870.400917,16
1778713870.504925,18
1778713870.609524,19
1778713870.713414,20
1778713870.817143,19
1778713870.920873,19
1778713871.025509,18
1778713871.129404,19
1778713871.233303,20
1778713871.337370,19
1778713871.441401,16
1778713871.546769,18
1778713871.651001,15
1778713871.754861,16
1778713871.859195,15
1778713871.962957,12
1778713872.066592,12
1778713872.170298,13
1778713872.278641,12
1778713872.382345,13
1778713872.486097,13
1778713872.589923,9
1778713872.696424,8
1778713872.800469,9
1778713872.904646,8
1778713873.008919,9
1778713873.112758,9
1778713873.216323,10
1778713873.320421,10
1778713873.424732,11
1778713873.528949,11
1778713873.636043,10
1778713873.739789,11
1778713873.844163,11
1778713873.947818,12
1778713874.053140,11
1778713874.157128,12
1778713874.261738,12
1778713874.365581,12
1778713874.469205,13
1778713874.572664,14
1778713874.676297,14
1778713874.780484,14
1778713874.887127,16
1778713874.992470,15
1778713875.096346,15
1778713875.200029,15
1778713875.303844,16
1778713875.407668,16
1778713875.512059,16
1778713875.615832,17
1778713875.721708,17
1778713875.826435,16
1778713875.930209,17
1778713876.034344,17
1778713876.138175,17
1778713876.242213,17
1778713876.346074,19
1778713876.449692,18
1778713876.553394,18
1778713876.658819,18
1778713876.762455,18
1778713876.865990,18
1778713876.969659,18
1778713877.073653,18
1778713877.178662,18
1778713877.284111,18
1778713877.387867,16
1778713877.493464,14
1778713877.597874,12
1778713877.701701,9
1778713877.805677,9
1778713877.909636,17
1778713878.013460,17
1778713878.117255,18
1778713878.221986,17
1778713878.325766,17
1778713878.429519,19
1778713878.533399,17
1778713878.639194,18
1778713878.743575,19
1778713878.847556,18
1778713878.952973,18
1778713879.057414,17
1778713879.161288,18
1778713879.268642,18
1778713879.372738,17
1778713879.477251,16
1778713879.584680,15
1778713879.689526,17
1778713879.793622,16
1778713879.897593,16
1778713880.002138,14
1778713880.107084,10
1778713880.211458,8
1778713880.315250,15
1778713880.420564,16
1778713880.524735,16
1778713880.628573,16
1778713880.732520,16
1778713880.837544,17
1778713880.941496,18
1778713881.045469,18
1778713881.149688,17
1778713881.253503,18
1778713881.357070,19
1778713881.460524,19
1778713881.565375,20
1778713881.673012,19
1778713881.776906,19
1778713881.880841,19
1778713881.984797,18
1778713882.089079,17
1778713882.193541,13
1778713882.297425,15
1778713882.402311,13
1778713882.512810,13
1778713882.616715,13
1778713882.725130,11
1778713882.829377,8
1778713882.933406,9
1778713883.037688,14
1778713883.142618,13
1778713883.246491,14
1778713883.350802,15
1778713883.457995,15
1778713883.562407,16
1778713883.666781,17
1778713883.776352,18
1778713883.881435,17
1778713883.986110,18
1778713884.090786,18
1778713884.201733,19
1778713884.306579,19
1778713884.410909,19
1778713884.514904,19
1778713884.619383,19
1778713884.723641,19
1778713884.827677,19
1778713884.931439,18
1778713885.035260,17
1778713885.139046,16
1778713885.242675,13
1778713885.347078,9
1778713885.453512,5
1778713885.557288,5
1778713885.661188,7
1778713885.764903,6
1778713885.868667,7
1778713885.972626,7
1778713886.078216,8
1778713886.182054,8
1778713886.286857,8
1778713886.390668,9
1778713886.498248,10
1778713886.602219,10
1778713886.706295,11
1778713886.812373,11
1778713886.916195,11
1778713887.022232,12
1778713887.126613,12
1778713887.230463,12
1778713887.334524,12
1778713887.438459,13
1778713887.542295,14
1778713887.645993,13
1778713887.749677,14
1778713887.853840,14
1778713887.960339,13
1778713888.068761,14
1778713888.175025,15
1778713888.278872,15
1778713888.383095,15
1778713888.487577,15
1778713888.591647,16
1778713888.695545,16
1778713888.799419,16
1778713888.904340,16
1778713889.008238,16
1778713889.112137,16
1778713889.215974,17
1778713889.319840,18
1778713889.423737,16
1778713889.527444,17
1778713889.631082,18
1778713889.735132,18
1778713889.838908,18
1778713889.942597,18
1778713890.046209,19
1778713890.149812,18
1778713890.253783,20
1778713890.357415,19
1778713890.464759,19
1778713890.568489,19
1778713890.672355,18
1778713890.775897,17
1778713890.879673,15
1778713890.983292,13
1778713891.087113,12
1778713891.190892,11
1778713891.294663,11
1778713891.398420,14
1778713891.503790,14
1778713891.614085,16
1778713891.718299,15
1778713891.823361,16
1778713891.927601,16
1778713892.031490,16
1778713892.137569,16
1778713892.242317,15
1778713892.347584,17
1778713892.471963,17
1778713892.577445,17
1778713892.697838,15
1778713892.805274,18
1778713892.913500,18
1778713893.018300,19
1778713893.122996,19
1778713893.227593,18
1778713893.332067,19
1778713893.437635,19
1778713893.542190,19
1778713893.648253,18
1778713893.752635,18
1778713893.856906,18
1778713893.960824,15
1778713894.064720,15
1778713894.168698,14
1778713894.272660,16
1778713894.376345,15
1778713894.480080,15
1778713894.583966,12
1778713894.688260,11
1778713894.792282,11
1778713894.897418,9
1778713895.001269,17
1778713895.105008,16
1778713895.208770,17
1778713895.312590,17
1778713895.416399,18
1778713895.534246,17
1778713895.638235,17
1778713895.741920,18
1778713895.845658,18
1778713895.949214,20
1778713896.052938,18
1778713896.156644,18
1778713896.260735,19
1778713896.366197,17
1778713896.470581,16
1778713896.574620,17
1778713896.678518,16
1778713896.782214,16
1778713896.886231,17
1778713896.990064,16
1778713897.093985,11
1778713897.197713,10
1778713897.301910,14
1778713897.406056,12
1778713897.509481,15
1778713897.613433,14
1778713897.720314,15
1778713897.824216,16
1778713897.927882,15
1778713898.031672,16
1778713898.135813,15
1778713898.239633,16
1778713898.343431,18
1778713898.447080,18
1778713898.551236,18
1778713898.655749,19
1778713898.759680,18
1778713898.863495,19
1778713898.967489,17
1778713899.071838,19
1778713899.175605,19
1778713899.279523,18
1778713899.383423,18
1778713899.487580,18
1778713899.591346,17
1778713899.695690,16
1778713899.799405,17
1778713899.903005,16
1778713900.006588,15
1778713900.110225,14
1778713900.216720,13
1778713900.321424,13
1778713900.424931,14
1778713900.545458,12
1778713900.650805,14
1778713900.754948,15
1778713900.859030,16
1778713900.962925,15
1778713901.066811,15
1778713901.170865,16
1778713901.274970,16
1778713901.378668,16
1778713901.482489,16
1778713901.586239,16
1778713901.692387,17
1778713901.798741,18
1778713901.902630,18
1778713902.006377,18
1778713902.110076,19
1778713902.213759,18
1778713902.318035,19
1778713902.421793,18
1778713902.525663,19
1778713902.629318,19
1778713902.733453,19
1778713902.837379,19
1778713902.940909,19
1778713903.044463,19
1778713903.149441,20
1778713903.254846,19
1778713903.358576,19
1778713903.462233,15
1778713903.566056,15
1778713903.670226,8
1778713903.774215,10
1778713903.878145,9
1778713903.982328,10
1778713904.086278,11
1778713904.189750,11
1778713904.293486,11
1778713904.397886,11
1778713904.516945,12
1778713904.622063,11
1778713904.726083,12
1778713904.829802,12
1778713904.933633,14
1778713905.037278,13
1778713905.140932,14
1778713905.244642,13
1778713905.348686,19
1778713905.452483,20
1778713905.556142,18
1778713905.659705,18
1778713905.772203,16
1778713905.876349,14
1778713905.980583,16
1778713906.086480,11
1778713906.190374,11
1778713906.294194,11
1778713906.398073,13
1778713906.501752,12
1778713906.605449,13
1778713906.709476,14
1778713906.815039,15
1778713906.919196,15
1778713907.023238,16
1778713907.127411,15
1778713907.231805,16
1778713907.335717,16
1778713907.439412,16
1778713907.543142,18
1778713907.649304,18
1778713907.753012,20
1778713907.856670,18
1778713907.960773,18
1778713908.065442,18
1778713908.173132,17
1778713908.276947,14
1778713908.381062,14
1778713908.484916,9
1778713908.589381,14
1778713908.693369,14
1778713908.797592,12
1778713908.902027,12
1778713909.006416,14
1778713909.110345,13
1778713909.215472,15
1778713909.319452,15
1778713909.423313,15
1778713909.527176,16
1778713909.631052,18
1778713909.735098,19
1778713909.839365,19
1778713909.943524,19
1778713910.047846,19
1778713910.151726,19
1778713910.255473,19
1778713910.360440,17
1778713910.465798,18
1778713910.569762,18
1778713910.673571,10
1778713910.777333,14
1778713910.882196,12
1778713910.986180,10
1778713911.091751,12
1778713911.195708,12
1778713911.299338,12
1778713911.403099,13
1778713911.506852,13
1778713911.610634,14
1778713911.715071,15
1778713911.830503,15
1778713911.934677,14
1778713912.038637,15
1778713912.142430,16
1778713912.247169,17
1778713912.350964,18
1778713912.454523,17
1778713912.558252,17
1778713912.662240,16
1778713912.766366,13
1778713912.870157,10
1778713912.973880,11
1778713913.079282,12
1778713913.182927,10
1778713913.287134,11
1778713913.392545,11
1778713913.497676,11
1778713913.601639,11
1778713913.705891,12
1778713913.812683,12
1778713913.919292,12
1778713914.023223,13
1778713914.127021,13
1778713914.231300,12
1778713914.335177,14
1778713914.439213,14
1778713914.543094,14
1778713914.648004,14
1778713914.751814,15
1778713914.855621,15
1778713914.959463,14
1778713915.063084,15
1778713915.166633,15
1778713915.270700,16
1778713915.374182,15
1778713915.478222,17
1778713915.582005,16
1778713915.685786,15
1778713915.789314,17
1778713915.895643,17
1778713916.001430,17
1778713916.105515,18
1778713916.211578,18
1778713916.315595,19
1778713916.419738,19
1778713916.524051,20
1778713916.628702,19
1778713916.732551,19
1778713916.836538,19
1778713916.941833,19
1778713917.047070,19
1778713917.153842,19
1778713917.258402,19
1778713917.364000,19
1778713917.468895,15
1778713917.573621,16
1778713917.679881,9
1778713917.784751,10
1778713917.889484,9
1778713917.997487,11
1778713918.104148,17
1778713918.210085,18
1778713918.315281,17
1778713918.420099,18
1778713918.524591,18
1778713918.629996,18
1778713918.735265,18
1778713918.839957,18
1778713918.945277,18
1778713919.051258,18
1778713919.155715,18
1778713919.260008,15
1778713919.364220,14
1778713919.468286,13
1778713919.572269,12
1778713919.676118,12
1778713919.781404,13
1778713919.888715,14
1778713919.993458,14
1778713920.099436,14
1778713920.203222,15
1778713920.307261,15
1778713920.411269,16
1778713920.515037,17
1778713920.618778,16
1778713920.722607,14
1778713920.826525,13
1778713920.931284,12
1778713921.036231,13
1778713921.146440,18
1778713921.252525,16
1778713921.357425,18
1778713921.461647,17
1778713921.565433,12
1778713921.669188,10
1778713921.772969,9
1778713921.876958,9
1778713921.980694,10
1778713922.084629,11
1778713922.188342,11
1778713922.292410,11
1778713922.396544,11
1778713922.500426,13
1778713922.604089,14
1778713922.708016,15
1778713922.814746,15
1778713922.918523,15
1778713923.022626,16
1778713923.126931,14
1778713923.230693,16
1778713923.334565,17
1778713923.438125,18
1778713923.542008,16
1778713923.649453,11
1778713923.755113,13
1778713923.859410,17
1778713923.963897,17
1778713924.067644,16
1778713924.171502,18
1778713924.275901,19
1778713924.379653,20
1778713924.483639,18
1778713924.587300,19
1778713924.691272,19
1778713924.795553,18
1778713924.900518,17
1778713925.005434,17
1778713925.109385,17
1778713925.213325,17
1778713925.317313,18
1778713925.423321,15
1778713925.533045,16
1778713925.640272,16
1778713925.748560,16
1778713925.852715,17
1778713925.957126,17
1778713926.073266,12
1778713926.178355,9
1778713926.301832,6
1778713926.411282,8
1778713926.516490,8
1778713926.629187,8
1778713926.734092,9
1778713926.838980,11
1778713926.944021,9
1778713927.048565,11
1778713927.155155,11
1778713927.268162,11
1778713927.372570,11
1778713927.477076,12
1778713927.581181,13
1778713927.685252,12
1778713927.795295,13
1778713927.900219,13
1778713928.005552,14
1778713928.110415,14
1778713928.214574,14
1778713928.318856,14
1778713928.423028,14
1778713928.527442,15
1778713928.631483,16
1778713928.735301,16
1778713928.839130,15
1778713928.943268,16
1778713929.047114,16
1778713929.150829,16
1778713929.258746,16
1778713929.367629,16
1778713929.473438,16
1778713929.578287,16
1778713929.682643,18
1778713929.787161,18
1778713929.891259,18
1778713929.995311,19
1778713930.099281,20
1778713930.203443,19
1778713930.308205,19
1778713930.413290,19
1778713930.517188,18
1778713930.621751,18
1778713930.725744,19
1778713930.829768,19
1778713930.933459,20
1778713931.037140,19
1778713931.141250,20
1778713931.245083,16
1778713931.349861,18
1778713931.456464,11
1778713931.560564,11
1778713931.667544,11
1778713931.781460,13
1778713931.911987,12
1778713932.016291,17
1778713932.120444,15
1778713932.225700,17
1778713932.329749,15
1778713932.433722,18
1778713932.537554,18
1778713932.643095,15
1778713932.747512,18
1778713932.851374,17
1778713932.955633,19
1778713933.059835,17
1778713933.163621,20
1778713933.267550,18
1778713933.371337,19
1778713933.475500,18
1778713933.579152,19
1778713933.682904,18
1778713933.787922,20
1778713933.896596,18
1778713934.000381,19
1778713934.104173,17
1778713934.208641,16
1778713934.312512,14
1778713934.416195,12
1778713934.520017,10
1778713934.625029,12
1778713934.728939,12
1778713934.832735,13
1778713934.936615,13
1778713935.040584,15
1778713935.146264,11
1778713935.255481,16
1778713935.360162,15
1778713935.465241,11
1778713935.569092,12
1778713935.673979,17
1778713935.777847,17
1778713935.881783,17
1778713935.985641,19
1778713936.089986,18
1778713936.193825,19
1778713936.297951,19
1778713936.401952,19
1778713936.508287,19
1778713936.612938,18
1778713936.716819,19
1778713936.824101,16
1778713936.929808,16
1778713937.033860,17
1778713937.138683,18
1778713937.243007,15
1778713937.346941,15
1778713937.450788,16
1778713937.555220,17
1778713937.659032,17
1778713937.764689,17
1778713937.868427,11
1778713937.972807,10
1778713938.076882,14
1778713938.180670,14
1778713938.284370,15
1778713938.401937,16
1778713938.506668,17
1778713938.610604,16
1778713938.714472,17
1778713938.818389,17
1778713938.922169,16
1778713939.025867,18
1778713939.130802,18
1778713939.237247,18
1778713939.341283,19
1778713939.447954,18
1778713939.551837,18
1778713939.655458,18
1778713939.759268,19
1778713939.863005,17
1778713939.966712,17
1778713940.071976,16
1778713940.175708,15
1778713940.279752,17
1778713940.384144,15
1778713940.487826,15
1778713940.591545,11
1778713940.696450,9
1778713940.800339,7
1778713940.904063,7
1778713941.007847,7
1778713941.111345,8
1778713941.248067,9
1778713941.352133,7
1778713941.456224,9
1778713941.560367,10
1778713941.664579,9
1778713941.768425,10
1778713941.872826,11
1778713941.977830,11
1778713942.099996,10
1778713942.204688,11
1778713942.309740,12
1778713942.413749,11
1778713942.522621,13
1778713942.724808,11
1778713942.829169,14
1778713942.937657,14
1778713943.042292,13
1778713943.173585,13
1778713943.278001,13
1778713943.382464,14
1778713943.487324,15
1778713943.592445,15
1778713943.696580,15
1778713943.801241,16
1778713943.906476,16
1778713944.010882,16
1778713944.115431,17
1778713944.220177,16
1778713944.324211,17
1778713944.428246,16
1778713944.532144,17
1778713944.635934,17
1778713944.739924,17
1778713944.843741,18
1778713944.947399,18
1778713945.050982,18
1778713945.157739,18
1778713945.265038,19
1778713945.369137,18
1778713945.473134,17
1778713945.577002,18
1778713945.681168,18
1778713945.785110,19
1778713945.888902,18
1778713945.992717,14
1778713946.096370,16
1778713946.200055,12
1778713946.305293,9
1778713946.409091,7
1778713946.513024,8
1778713946.616983,9
1778713946.721014,10
1778713946.824758,10
1778713946.928592,13
1778713947.032587,11
1778713947.136718,11
1778713947.240504,12
1778713947.344101,13
1778713947.447555,13
1778713947.553411,14
1778713947.659049,14
1778713947.762835,15
1778713947.866440,15
1778713947.970843,16
1778713948.076248,16
1778713948.179743,16
1778713948.283310,17
1778713948.387018,17
1778713948.490809,19
1778713948.594610,14
1778713948.698533,12
1778713948.802396,10
1778713948.906190,18
1778713949.009980,18
1778713949.113762,18
1778713949.217427,19
1778713949.321178,19
1778713949.425844,18
1778713949.529969,17
1778713949.633760,18
1778713949.737448,18
1778713949.841273,18
1778713949.949154,18
1778713950.053366,17
1778713950.157211,19
1778713950.261181,16
1778713950.365452,18
1778713950.469255,15
1778713950.572967,16
1778713950.676824,17
1778713950.780666,18
1778713950.884709,17
1778713950.988730,17
1778713951.092254,13
1778713951.196143,11
1778713951.300551,15
1778713951.404310,13
1778713951.508232,14
1778713951.611954,15
1778713951.719141,15
1778713951.823030,16
1778713951.930591,15
1778713952.036854,17
1778713952.140689,17
1778713952.244586,18
1778713952.348511,19
1778713952.452487,19
1778713952.556378,19
1778713952.660235,19
1778713952.767135,19
1778713952.872298,19
1778713952.977241,18
1778713953.081364,18
1778713953.185944,17
1778713953.289975,17
1778713953.398264,15
1778713953.502988,15
1778713953.607038,10
1778713953.713512,6
1778713953.818005,6
1778713953.922028,6
1778713954.025928,7
1778713954.129633,7
1778713954.233955,7
1778713954.337752,8
1778713954.441347,9
1778713954.544981,9
1778713954.648858,9
1778713954.752949,9
1778713954.856660,9
1778713954.960453,10
1778713955.064194,11
1778713955.169047,10
1778713955.272732,11
1778713955.376502,11
1778713955.481507,11
1778713955.586536,12
1778713955.690512,12
1778713955.794485,12
1778713955.898299,12
1778713956.004447,13
1778713956.115274,13
1778713956.219357,15
1778713956.324527,14
1778713956.428592,15
1778713956.535561,15
1778713956.642532,15
1778713956.750606,15
1778713956.855994,16
1778713956.960850,15
1778713957.065605,15
1778713957.169957,16
1778713957.274438,18
1778713957.378533,16
1778713957.482811,17
1778713957.589710,17
1778713957.693907,17
1778713957.798028,17
1778713957.902183,18
1778713958.005969,19
1778713958.111475,17
1778713958.219640,17
1778713958.323745,19
1778713958.427846,19
1778713958.532145,18
1778713958.636218,20
1778713958.740382,19
1778713958.844536,19
1778713958.949416,20
1778713959.054226,16
1778713959.159619,17
1778713959.263683,15
1778713959.368702,14
1778713959.472526,11
1778713959.576440,8
1778713959.685028,8
1778713959.789261,8
1778713959.893157,10
1778713959.996918,9
1778713960.101072,9
1778713960.204904,10
1778713960.309431,10
1778713960.415180,11
1778713960.519500,12
1778713960.623492,13
1778713960.727329,13
1778713960.831223,14
1778713960.934943,16
1778713961.038770,15
1778713961.142784,15
1778713961.246993,16
1778713961.351162,16
1778713961.454892,17
1778713961.558715,17
1778713961.663613,17
1778713961.767878,15
1778713961.871743,13
1778713961.975392,12
1778713962.079122,19
1778713962.182832,20
1778713962.286505,19
1778713962.390464,19
1778713962.493853,19
1778713962.599572,20
1778713962.705436,17
1778713962.813501,17
1778713962.917552,13
1778713963.021225,12
1778713963.124943,12
1778713963.228895,10
1778713963.334780,10
1778713963.438754,11
1778713963.542659,12
1778713963.647016,12
1778713963.751144,12
1778713963.854813,11
1778713963.958512,7
1778713964.062664,6
1778713964.168073,12
1778713964.272240,12
1778713964.376023,13
1778713964.480754,15
1778713964.585868,15
1778713964.689527,14
1778713964.793453,14
1778713964.901453,15
1778713965.006034,16
1778713965.109840,17
1778713965.214160,18
1778713965.318385,17
1778713965.422194,17
1778713965.542760,16
1778713965.647488,18
1778713965.751889,18
1778713965.856026,19
1778713965.959862,19
1778713966.064153,19
1778713966.168009,18
1778713966.271605,14
1778713966.375337,13
1778713966.479181,12
1778713966.583319,12
1778713966.691243,11
1778713966.795403,12
1778713966.899972,12
1778713967.003701,12
1778713967.109462,13
1778713967.214661,13
1778713967.318768,14
1778713967.437715,13
1778713967.542695,14
1778713967.650435,13
1778713967.756786,13
1778713967.866286,14
1778713967.970875,15
1778713968.076137,14
1778713968.181855,15
1778713968.286034,15
1778713968.390207,16
1778713968.494695,15
1778713968.601294,16
1778713968.709470,17
1778713968.818968,17
1778713968.929820,18
1778713969.034035,18
1778713969.138170,17
1778713969.243185,17
1778713969.356380,17
1778713969.460576,19
1778713969.565685,17
1778713969.669773,19
1778713969.773818,18
1778713969.878807,18
1778713969.983054,18
1778713970.087132,18
1778713970.196268,18
1778713970.301465,18
1778713970.416217,17
1778713970.565308,18
1778713970.669622,15
1778713970.776377,16
1778713970.881206,10
1778713970.985363,10
1778713971.090059,9
1778713971.194232,10
1778713971.298448,12
1778713971.404603,10
1778713971.509821,12
1778713971.615144,12
1778713971.719254,18
1778713971.824814,17
1778713971.929916,17
1778713972.033973,17
1778713972.138575,17
1778713972.245856,15
1778713972.351473,17
1778713972.458814,15
1778713972.563421,17
1778713972.669936,14
1778713972.776327,15
1778713972.880780,17
1778713972.985633,17
1778713973.089705,16
1778713973.193735,16
1778713973.299097,16
1778713973.403210,16
1778713973.507211,17
1778713973.611417,18
1778713973.715448,16
1778713973.819750,10
1778713973.923476,11
1778713974.027333,17
1778713974.131111,15
1778713974.234766,16
1778713974.338489,16
1778713974.445432,17
1778713974.549197,17
1778713974.652848,18
1778713974.756645,18
1778713974.861082,18
1778713974.964641,17
1778713975.068392,18
1778713975.172131,19
1778713975.276096,19
1778713975.380042,18
1778713975.483804,18
1778713975.587614,19
1778713975.691212,17
1778713975.794928,17
1778713975.898773,17
1778713976.002467,14
1778713976.106084,14
1778713976.209577,9
1778713976.313882,3
1778713976.417352,9
1778713976.520774,9
1778713976.624286,12
1778713976.727834,10
1778713976.831530,12
1778713976.935050,12
1778713977.038551,14
1778713977.142970,13
1778713977.249429,13
1778713977.353229,13
1778713977.457108,14
1778713977.561297,15
1778713977.665195,16
1778713977.769006,18
1778713977.872844,17
1778713977.976622,17
1778713978.080899,12
1778713978.184651,11
1778713978.288284,10
1778713978.405438,7
1778713978.509529,9
1778713978.613575,9
1778713978.717555,9
1778713978.821290,9
1778713978.925705,9
1778713979.029403,10
1778713979.133172,9
1778713979.236923,10
1778713979.341019,11
1778713979.444727,11
1778713979.548303,12
1778713979.652033,13
1778713979.755742,13
1778713979.859317,12
1778713979.963965,13
1778713980.069396,15
1778713980.173907,14
1778713980.277615,14
1778713980.381133,14
1778713980.484797,15
1778713980.589199,14
1778713980.692796,15
1778713980.796643,16
1778713980.900532,16
1778713981.004401,15
1778713981.109062,16
1778713981.212775,16
1778713981.316692,16
1778713981.420390,17
1778713981.523921,17
1778713981.628014,17
1778713981.731683,17
1778713981.835566,17
1778713981.939544,17
1778713982.043814,18
1778713982.147410,18
1778713982.250884,18
1778713982.354209,18
1778713982.459517,18
1778713982.565429,18
1778713982.669158,18
1778713982.772739,18
1778713982.876813,18
1778713982.980592,18
1778713983.084359,17
1778713983.188202,14
1778713983.292125,14
1778713983.396251,17
1778713983.507624,17
1778713983.611455,16
1778713983.715318,17
1778713983.819148,19
1778713983.923004,19
1778713984.026928,18
1778713984.130743,18
1778713984.234521,18
1778713984.338174,18
1778713984.442329,17
1778713984.545871,16
1778713984.649363,17
1778713984.753129,18
1778713984.856647,16
1778713984.960352,14
1778713985.063827,15
1778713985.167084,16
1778713985.273540,16
1778713985.377179,17
1778713985.480815,13
1778713985.584847,10
1778713985.688782,7
1778713985.793080,14
1778713985.896635,14
1778713986.000241,14
1778713986.103939,15
1778713986.207789,16
1778713986.311519,16
1778713986.415171,16
1778713986.518946,16
1778713986.623121,16
1778713986.729013,18
1778713986.832829,18
1778713986.936450,19
1778713987.040204,20
1778713987.144108,19
1778713987.247731,19
1778713987.351364,19
1778713987.454933,19
1778713987.558878,20
1778713987.662667,19
1778713987.767850,18
1778713987.876072,18
1778713987.979875,19
1778713988.083687,12
1778713988.187482,9
1778713988.291726,12
1778713988.395604,12
1778713988.499178,11
1778713988.603052,13
1778713988.707047,13
1778713988.812825,13
1778713988.916509,14
1778713989.020229,15
1778713989.124094,15
1778713989.227964,15
1778713989.331715,16
1778713989.435172,17
1778713989.539075,17
1778713989.642712,17
1778713989.746527,18
1778713989.850119,18
1778713989.953700,17
1778713990.057316,18
1778713990.160755,17
1778713990.264288,16
1778713990.368847,11
1778713990.475340,7
1778713990.578884,4
1778713990.682559,5
1778713990.786550,6
1778713990.890508,7
1778713990.994329,7
1778713991.098166,7
1778713991.202052,8
1778713991.305717,8
1778713991.409404,9
1778713991.513415,11
1778713991.617099,9
1778713991.724491,8
1778713991.832736,9
1778713991.938712,10
1778713992.042434,10
1778713992.146552,10
1778713992.250283,11
1778713992.354147,11
1778713992.458472,12
1778713992.562254,13
1778713992.665884,12
1778713992.769560,13
1778713992.873491,13
1778713992.977312,15
1778713993.081033,14
1778713993.184711,14
1778713993.288708,14
1778713993.392339,15
1778713993.495951,15
1778713993.599374,15
1778713993.703011,15
1778713993.807296,15
1778713993.911871,16
1778713994.015330,17
1778713994.118743,17
1778713994.222358,16
1778713994.326962,18
1778713994.432974,18
1778713994.536963,18
1778713994.641130,18
1778713994.744853,18
1778713994.848504,18
1778713994.952217,18
1778713995.056073,18
1778713995.159683,19
1778713995.263435,19
1778713995.367433,19
1778713995.471156,18
1778713995.574738,18
1778713995.679176,17
1778713995.783034,18
1778713995.886690,18
1778713995.990529,15
1778713996.094109,15
1778713996.197627,9
1778713996.301204,11
1778713996.404604,11
1778713996.508135,13
1778713996.611743,14
1778713996.715425,15
1778713996.819743,14
1778713996.925381,15
1778713997.029086,14
1778713997.132774,16
1778713997.237661,15
1778713997.341429,15
1778713997.445206,16
1778713997.548710,17
1778713997.652791,17
1778713997.756971,18
1778713997.860787,19
1778713997.965465,19
1778713998.069396,19
1778713998.173087,19
1778713998.276955,18
1778713998.380674,18
1778713998.484345,18
1778713998.588015,16
1778713998.691770,17
1778713998.795360,15
1778713998.899489,15
1778713999.003119,13
1778713999.106677,15
1778713999.210104,15
1778713999.313511,16
1778713999.416748,16
1778713999.523699,13
1778713999.631433,10
1778713999.735046,11
1778713999.838855,16
1778713999.942836,15
1778714000.046375,16
1778714000.150071,16
1778714000.253919,16
1778714000.357475,18
1778714000.461134,18
1778714000.564799,18
1778714000.669666,19
1778714000.773460,18
1778714000.877233,19
1778714000.980949,20
1778714001.085248,19
1778714001.188907,19
1778714001.292617,19
1778714001.396417,18
1778714001.500110,15
1778714001.604327,17
1778714001.708000,16
1778714001.813751,18
1778714001.917402,17
1778714002.020890,15
1778714002.124780,11
1778714002.231799,13
1778714002.335916,14
1778714002.439792,15
1778714002.543600,13
1778714002.647374,15
1778714002.751063,15
1778714002.855405,14
1778714002.959307,16
1778714003.063143,15
1778714003.167448,16
1778714003.271431,16
1778714003.375264,18
1778714003.479014,18
1778714003.583080,18
1778714003.697179,17
1778714003.802971,19
1778714003.907204,19
1778714004.011383,18
1778714004.116148,19
1778714004.220224,20
1778714004.324433,19
1778714004.428117,16
1778714004.531747,16
1778714004.635445,12
1778714004.738974,6
1778714004.845267,6
1778714004.948957,6
1778714005.052630,6
1778714005.156318,6
1778714005.259917,7
1778714005.363417,7
1778714005.467035,7
1778714005.587193,8
1778714005.691190,8
1778714005.795347,8
1778714005.899334,9
1778714006.003078,9
1778714006.106873,10
1778714006.210687,10
1778714006.314388,10
1778714006.418023,10
1778714006.521564,12
1778714006.625129,11
1778714006.731672,11
1778714006.836415,12
1778714006.940504,12
1778714007.044319,12
1778714007.148048,12
1778714007.253137,13
1778714007.357373,14
1778714007.461099,13
1778714007.567387,14
1778714007.675993,15
1778714007.794836,14
1778714007.920127,14
1778714008.044858,15
1778714008.173635,14
1778714008.308711,16
1778714008.413831,15
1778714008.531728,16
1778714008.636768,17
1778714008.750083,15
1778714008.855258,16
1778714008.961694,17
1778714009.067418,18
1778714009.172367,18
1778714009.277511,17
1778714009.381944,18
1778714009.487586,17
1778714009.595127,18
1778714009.699503,19
1778714009.805516,18
1778714009.909441,18
1778714010.013559,18
1778714010.117283,18
1778714010.221079,18
1778714010.325128,13
1778714010.428908,14
1778714010.533583,8
1778714010.637716,9
1778714010.742316,10
1778714010.846550,11
1778714010.950595,12
1778714011.054832,12
1778714011.160472,13
1778714011.264209,14
1778714011.367783,16
1778714011.471450,17
1778714011.575121,16
1778714011.678554,16
1778714011.783598,16
1778714011.889441,16
1778714011.994417,16
1778714012.195849,18
1778714012.302094,18
1778714012.512412,17
1778714012.617901,19
1778714012.723288,18
1778714012.831224,18
1778714012.943444,18
1778714013.050310,18
1778714013.155675,19
1778714013.260169,18
1778714013.370201,19
1778714013.477421,19
1778714013.584556,18
1778714013.689965,19
1778714013.794136,16
1778714013.898801,18
1778714014.004390,14
1778714014.108603,15
1778714014.216353,14
1778714014.320603,10
1778714014.424697,13
1778714014.528880,12
1778714014.634247,14
1778714014.738495,14
1778714014.842263,15
1778714014.946179,14
1778714015.057556,16
1778714015.166488,15
1778714015.274164,17
1778714015.382473,15
1778714015.488647,15
1778714015.592959,15
1778714015.697454,13
1778714015.813686,13
1778714015.917938,10
1778714016.022018,17
1778714016.131448,16
1778714016.235869,18
1778714016.339755,18
1778714016.443739,17
1778714016.548317,18
1778714016.652230,18
1778714016.755911,18
1778714016.859541,16
1778714016.963809,17
1778714017.067393,16
1778714017.173456,18
1778714017.277435,18
1778714017.381294,14
1778714017.485413,10
1778714017.589256,9
1778714017.695393,6
1778714017.803455,8
1778714017.907863,4
1778714018.017930,0
1778714018.149725,5
1778714018.255378,6
1778714018.359643,5
1778714018.464132,6
1778714018.568367,6
1778714018.673462,7
1778714018.778320,7
1778714018.885059,7
1778714018.989222,8
1778714019.093680,3
1778714019.226537,0
1778714019.331206,0
1778714019.435766,0
1778714019.539876,0
1778714019.653834,0
1778714019.757830,0
1778714019.861841,0
1778714019.965907,0
1778714020.071098,0
1778714020.179397,1
1778714020.289686,0
1778714020.395337,0
1778714020.499507,0
1778714020.603509,0
1778714020.709378,0
1778714020.814921,1
1778714020.927636,0
1778714021.033103,1
1778714021.137678,0
1778714021.241854,0
1778714021.347065,0
1778714021.453318,0
1778714021.558861,0
1778714021.667403,0
1778714021.772869,0
1778714021.877850,0
1778714021.982549,0
1778714022.086961,0
1778714022.191204,0
1778714022.295532,0
1778714022.400731,0
1778714022.509321,0
1778714022.613790,0
1778714022.718971,0
1778714022.823129,1
1778714022.927232,1
1778714023.031867,1
1778714023.135884,0
1778714023.239737,0
1778714023.343558,0
1778714023.447496,0
1778714023.551483,0
1778714023.656951,0
1778714023.760958,0
1778714023.864537,0
1778714023.968125,0
1778714024.072656,0
1778714024.178927,0
1778714024.282832,4
1778714024.386579,5
1778714024.490564,5
1778714024.594812,6
1778714024.698730,6
1778714024.802474,6
1778714024.906381,7
1778714025.011357,8
1778714025.115309,7
1778714025.218916,0
1778714025.326251,4
1778714025.430911,4
1778714025.534899,4
1778714025.638660,4
1778714025.746907,4
1778714025.850864,6
1778714025.954759,6
1778714026.058672,7
1778714026.165685,8
1778714026.277493,5
1778714026.385611,0
1778714026.489428,5
1778714026.593461,5
1778714026.698084,5
1778714026.813747,6
1778714026.919532,5
1778714027.023628,6
1778714027.128148,7
1778714027.232217,8
1778714027.336065,6
